# [3]
# Sample c= 1.25 mg/ml
# Intensity scaled by concentration
# Buffer subtracted data file:
# Protein DatFile = /mntdirect/_data_visitor/mx1633/bm29/20150311/D5TVE/1d/D5TVE_SC_011_ave.dat
# Buffer DatFile = /mntdirect/_data_visitor/mx1633/bm29/20150311/D5TVE/ednaSub/D5TVE_SC_011_ave_averbuffer.dat
# 
# AutoRg: Rg   =   2.8645 +/- 0.30 ( 10.5%)
# AutoRg: I(0) =   33.58 +/- 0.0806
# AutoRg: Points   25 to 74 ( 50 total)
# AutoRg: Quality: 68.2%
# 
# 
# Sample Information:
# Storage Temperature (degrees C): 20.0
# Measurement Temperature (degrees C): 19.98
# Concentration: 1.25
# Code: 
3.369227000000000333e-02   3.036829e+01   7.746871e+00
3.843457000000000123e-02   4.557709e+01   4.021169e+00
4.317686999999999914e-02   4.290752e+01   2.698546e+00
4.791916999999999704e-02   4.320522e+01   2.098807e+00
5.266147000000000189e-02   4.027484e+01   1.723456e+00
5.740376999999999980e-02   3.632024e+01   1.461057e+00
6.214606999999999770e-02   3.770649e+01   1.261597e+00
6.688837000000000255e-02   3.689468e+01   1.083403e+00
7.163066999999999351e-02   3.518862e+01   9.601318e-01
7.637296999999999836e-02   3.346070e+01   8.659661e-01
8.111527000000000320e-02   3.537060e+01   8.020750e-01
8.585756999999999417e-02   3.516226e+01   7.348005e-01
9.059986999999999902e-02   3.458122e+01   6.831488e-01
9.534217000000000386e-02   3.391168e+01   6.430352e-01
1.000845000000000068e-01   3.410149e+01   6.083848e-01
1.048267999999999978e-01   3.356357e+01   5.793891e-01
1.095691000000000026e-01   3.390494e+01   5.547361e-01
1.143113999999999936e-01   3.373564e+01   5.308105e-01
1.190536999999999984e-01   3.307965e+01   5.111402e-01
1.237960000000000033e-01   3.293940e+01   4.918845e-01
1.285382999999999942e-01   3.270193e+01   4.751790e-01
1.332805999999999991e-01   3.211560e+01   4.607607e-01
1.380229000000000039e-01   3.174887e+01   4.481847e-01
1.427652000000000088e-01   3.244370e+01   4.377873e-01
1.475075000000000136e-01   3.181283e+01   4.265391e-01
1.522497999999999907e-01   3.126315e+01   4.154844e-01
1.569920999999999955e-01   3.159812e+01   4.086069e-01
1.617344000000000004e-01   3.139450e+01   3.986311e-01
1.664767000000000052e-01   3.131204e+01   3.903958e-01
1.712190000000000101e-01   3.141028e+01   3.828580e-01
1.759612999999999872e-01   3.087488e+01   3.755844e-01
1.807035999999999920e-01   3.008817e+01   3.666248e-01
1.854458999999999969e-01   3.031140e+01   3.618245e-01
1.901882000000000017e-01   3.078225e+01   3.564165e-01
1.949305000000000065e-01   3.032538e+01   3.507348e-01
1.996728000000000114e-01   2.994775e+01   3.443935e-01
2.044150999999999885e-01   2.993220e+01   3.392267e-01
2.091573999999999933e-01   3.001841e+01   3.352500e-01
2.138996999999999982e-01   2.992474e+01   3.304298e-01
2.186420000000000030e-01   2.984283e+01   3.269869e-01
2.233843000000000079e-01   2.922215e+01   3.202660e-01
2.281266000000000127e-01   2.912614e+01   3.168568e-01
2.328688999999999898e-01   2.892921e+01   3.118201e-01
2.376111999999999946e-01   2.855358e+01   3.080475e-01
2.423534999999999995e-01   2.856618e+01   3.041284e-01
2.470958000000000043e-01   2.853631e+01   3.004378e-01
2.518381000000000092e-01   2.841939e+01   2.968046e-01
2.565803999999999863e-01   2.768626e+01   2.926317e-01
2.613227000000000189e-01   2.769723e+01   2.892254e-01
2.660649999999999959e-01   2.762586e+01   2.864194e-01
2.708072999999999730e-01   2.724973e+01   2.820124e-01
2.755496000000000056e-01   2.689219e+01   2.790941e-01
2.802918999999999827e-01   2.678861e+01   2.756931e-01
2.850342000000000153e-01   2.677475e+01   2.736777e-01
2.897764999999999924e-01   2.705078e+01   2.715315e-01
2.945188000000000250e-01   2.673825e+01   2.728016e-01
2.992611000000000021e-01   2.623181e+01   2.745767e-01
3.040033999999999792e-01   2.605980e+01   2.750500e-01
3.087457000000000118e-01   2.587597e+01   2.749994e-01
3.134879999999999889e-01   2.554501e+01   2.739198e-01
3.182303000000000215e-01   2.544416e+01   2.735895e-01
3.229725999999999986e-01   2.532303e+01   2.726491e-01
3.277148999999999757e-01   2.502132e+01   2.709912e-01
3.324572000000000083e-01   2.502523e+01   2.704612e-01
3.371994999999999854e-01   2.460285e+01   2.682441e-01
3.419418000000000180e-01   2.420487e+01   2.666361e-01
3.466840999999999950e-01   2.414020e+01   2.661537e-01
3.514264000000000276e-01   2.367736e+01   2.645923e-01
3.561687000000000047e-01   2.380037e+01   2.643857e-01
3.609109999999999818e-01   2.377926e+01   2.706675e-01
3.656533000000000144e-01   2.333706e+01   2.734092e-01
3.703955999999999915e-01   2.305318e+01   2.756453e-01
3.751379000000000241e-01   2.300681e+01   2.766212e-01
3.798802000000000012e-01   2.275533e+01   2.783833e-01
3.846224999999999783e-01   2.284625e+01   2.797873e-01
3.893648000000000109e-01   2.245981e+01   2.794443e-01
3.941070999999999880e-01   2.266621e+01   2.817749e-01
3.988494000000000206e-01   2.241751e+01   2.820480e-01
4.035916999999999977e-01   2.168947e+01   2.801260e-01
4.083339999999999748e-01   2.138160e+01   2.810973e-01
4.130763000000000074e-01   2.100065e+01   2.807043e-01
4.178185999999999845e-01   2.101897e+01   2.807056e-01
4.225609000000000171e-01   2.084823e+01   2.805893e-01
4.273031999999999941e-01   2.072257e+01   2.814944e-01
4.320455000000000267e-01   2.014124e+01   2.799361e-01
4.367878000000000038e-01   2.028790e+01   2.797139e-01
4.415300999999999809e-01   2.003012e+01   2.803003e-01
4.462724000000000135e-01   2.011062e+01   2.821655e-01
4.510146999999999906e-01   2.011183e+01   2.897804e-01
4.557570000000000232e-01   1.979240e+01   2.968945e-01
4.604993000000000003e-01   1.942123e+01   3.005919e-01
4.652415999999999774e-01   1.900248e+01   3.035567e-01
4.699839000000000100e-01   1.872897e+01   3.059262e-01
4.747261999999999871e-01   1.839706e+01   3.092404e-01
4.794685000000000197e-01   1.837444e+01   3.117489e-01
4.842107999999999968e-01   1.867176e+01   3.153199e-01
4.889530999999999739e-01   1.781427e+01   3.160284e-01
4.936954000000000065e-01   1.781504e+01   3.187654e-01
4.984376999999999835e-01   1.786424e+01   3.219910e-01
5.031799999999999606e-01   1.734200e+01   3.229204e-01
5.079223000000000487e-01   1.677477e+01   3.235377e-01
5.126646000000000258e-01   1.731414e+01   3.258815e-01
5.174069000000000029e-01   1.732314e+01   3.128217e-01
5.221491999999999800e-01   1.691807e+01   3.034858e-01
5.268914999999999571e-01   1.647290e+01   2.986872e-01
5.316338000000000452e-01   1.626538e+01   2.949197e-01
5.363761000000000223e-01   1.592544e+01   2.908677e-01
5.411183999999999994e-01   1.596691e+01   2.879938e-01
5.458606999999999765e-01   1.587621e+01   2.859542e-01
5.506029999999999536e-01   1.537332e+01   2.834928e-01
5.553453000000000417e-01   1.544219e+01   2.811905e-01
5.600876000000000188e-01   1.538106e+01   2.793978e-01
5.648298999999999959e-01   1.524536e+01   2.778379e-01
5.695721999999999730e-01   1.504452e+01   2.759331e-01
5.743144999999999500e-01   1.449304e+01   2.729051e-01
5.790568000000000382e-01   1.458515e+01   2.708888e-01
5.837991000000000152e-01   1.406897e+01   2.676185e-01
5.885413999999999923e-01   1.418587e+01   2.659334e-01
5.932836999999999694e-01   1.338712e+01   2.618475e-01
5.980259999999999465e-01   1.370281e+01   2.603031e-01
6.027683000000000346e-01   1.330028e+01   2.573103e-01
6.075106000000000117e-01   1.354367e+01   2.570194e-01
6.122528999999999888e-01   1.307439e+01   2.549287e-01
6.169951999999999659e-01   1.283509e+01   2.525809e-01
6.217375000000000540e-01   1.289836e+01   2.502716e-01
6.264798000000000311e-01   1.247864e+01   2.478559e-01
6.312221000000000082e-01   1.243282e+01   2.469823e-01
6.359643999999999853e-01   1.223433e+01   2.458477e-01
6.407066999999999624e-01   1.205225e+01   2.452938e-01
6.454490000000000505e-01   1.183602e+01   2.441543e-01
6.501913000000000276e-01   1.192224e+01   2.427900e-01
6.549336000000000046e-01   1.168733e+01   2.418229e-01
6.596758999999999817e-01   1.126402e+01   2.407075e-01
6.644181999999999588e-01   1.123021e+01   2.395899e-01
6.691605000000000469e-01   1.093266e+01   2.388097e-01
6.739028000000000240e-01   1.142794e+01   2.395742e-01
6.786451000000000011e-01   1.104954e+01   2.377448e-01
6.833873999999999782e-01   1.118809e+01   2.368767e-01
6.881296999999999553e-01   1.064713e+01   2.351437e-01
6.928720000000000434e-01   1.052950e+01   2.344564e-01
6.976143000000000205e-01   1.052062e+01   2.333002e-01
7.023565999999999976e-01   1.003919e+01   2.317097e-01
7.070988999999999747e-01   1.024971e+01   2.314925e-01
7.118411999999999518e-01   9.590170e+00   2.292341e-01
7.165835000000000399e-01   9.420116e+00   2.291568e-01
7.213258000000000170e-01   9.405464e+00   2.281041e-01
7.260680999999999941e-01   9.674244e+00   2.278365e-01
7.308103999999999711e-01   9.408264e+00   2.265067e-01
7.355526999999999482e-01   8.914301e+00   2.249941e-01
7.402950000000000363e-01   9.204734e+00   2.244138e-01
7.450373000000000134e-01   8.933132e+00   2.240476e-01
7.497795999999999905e-01   8.770403e+00   2.231519e-01
7.545218999999999676e-01   8.934724e+00   2.230646e-01
7.592641999999999447e-01   8.430579e+00   2.216254e-01
7.640065000000000328e-01   8.335011e+00   2.203048e-01
7.687488000000000099e-01   8.314752e+00   2.197148e-01
7.734910999999999870e-01   8.134172e+00   2.185321e-01
7.782333999999999641e-01   7.978526e+00   2.176920e-01
7.829757000000000522e-01   7.610174e+00   2.164004e-01
7.877180000000000293e-01   7.780742e+00   2.161757e-01
7.924603000000000064e-01   7.473978e+00   2.157037e-01
7.972025999999999835e-01   7.702946e+00   2.149955e-01
8.019448999999999605e-01   7.127383e+00   2.138635e-01
8.066872000000000487e-01   7.314464e+00   2.138006e-01
8.114295000000000258e-01   7.549771e+00   2.137474e-01
8.161718000000000028e-01   6.955490e+00   2.115197e-01
8.209140999999999799e-01   6.894570e+00   2.109104e-01
8.256563999999999570e-01   6.629022e+00   2.101498e-01
8.303987000000000451e-01   6.792380e+00   2.099265e-01
8.351410000000000222e-01   6.608424e+00   2.090606e-01
8.398832999999999993e-01   6.412618e+00   2.077940e-01
8.446255999999999764e-01   6.516242e+00   2.079522e-01
8.493678999999999535e-01   6.455294e+00   2.076404e-01
8.541102000000000416e-01   6.353193e+00   2.064095e-01
8.588525000000000187e-01   6.300473e+00   2.063544e-01
8.635947999999999958e-01   5.794015e+00   2.045734e-01
8.683370999999999729e-01   5.950146e+00   2.048114e-01
8.730793999999999500e-01   5.619836e+00   2.032494e-01
8.778217000000000381e-01   5.441986e+00   2.018304e-01
8.825640000000000152e-01   5.701170e+00   2.022947e-01
8.873062999999999922e-01   5.416168e+00   2.015441e-01
8.920485999999999693e-01   5.461476e+00   2.012680e-01
8.967908999999999464e-01   5.519560e+00   2.006169e-01
9.015332000000000345e-01   5.438900e+00   2.002410e-01
9.062755000000000116e-01   5.406333e+00   1.992964e-01
9.110177999999999887e-01   5.594304e+00   1.991154e-01
9.157600999999999658e-01   5.273833e+00   1.983991e-01
9.205024000000000539e-01   5.243444e+00   1.980051e-01
9.252447000000000310e-01   5.178450e+00   1.974319e-01
9.299870000000000081e-01   4.947466e+00   1.964004e-01
9.347292999999999852e-01   4.690303e+00   1.953863e-01
9.394715999999999623e-01   4.605434e+00   1.956826e-01
9.442139000000000504e-01   4.645628e+00   1.947981e-01
9.489562000000000275e-01   4.589806e+00   1.940819e-01
9.536985000000000046e-01   4.568710e+00   1.936760e-01
9.584407999999999817e-01   4.505230e+00   1.926739e-01
9.631830999999999587e-01   4.711559e+00   1.925863e-01
9.679254000000000469e-01   4.648092e+00   1.923995e-01
9.726677000000000239e-01   4.333306e+00   1.914172e-01
9.774100000000000010e-01   3.938848e+00   1.904771e-01
9.821522999999999781e-01   3.966952e+00   1.903165e-01
9.868945999999999552e-01   3.989402e+00   1.901648e-01
9.916369000000000433e-01   3.862447e+00   1.890113e-01
9.963792000000000204e-01   3.923800e+00   1.887389e-01
1.001120999999999928e+00   4.122920e+00   1.893434e-01
1.005864000000000091e+00   3.841752e+00   1.882530e-01
1.010605999999999893e+00   3.680109e+00   1.873929e-01
1.015347999999999917e+00   3.772079e+00   1.873580e-01
1.020091000000000081e+00   3.491686e+00   1.864286e-01
1.024833000000000105e+00   3.618276e+00   1.861773e-01
1.029574999999999907e+00   3.450234e+00   1.850725e-01
1.034318000000000071e+00   3.526581e+00   1.848523e-01
1.039060000000000095e+00   3.653930e+00   1.855236e-01
1.043801999999999897e+00   3.350779e+00   1.842078e-01
1.048543999999999921e+00   3.630378e+00   1.839227e-01
1.053287000000000084e+00   3.397700e+00   1.829480e-01
1.058029000000000108e+00   3.388562e+00   1.828891e-01
1.062770999999999910e+00   3.265094e+00   1.832456e-01
1.067514000000000074e+00   3.338328e+00   1.818997e-01
1.072256000000000098e+00   3.130208e+00   1.809590e-01
1.076997999999999900e+00   3.060175e+00   1.805552e-01
1.081741000000000064e+00   3.256230e+00   1.807275e-01
1.086483000000000088e+00   3.184843e+00   1.803280e-01
1.091224999999999890e+00   2.968413e+00   1.796418e-01
1.095966999999999913e+00   2.930252e+00   1.793812e-01
1.100710000000000077e+00   2.820287e+00   1.792230e-01
1.105452000000000101e+00   2.719553e+00   1.787175e-01
1.110193999999999903e+00   2.867806e+00   1.787355e-01
1.114937000000000067e+00   2.560391e+00   1.774808e-01
1.119679000000000091e+00   2.610217e+00   1.772650e-01
1.124420999999999893e+00   2.494427e+00   1.770176e-01
1.129164000000000057e+00   2.670488e+00   1.769030e-01
1.133906000000000081e+00   2.355726e+00   1.760840e-01
1.138648000000000104e+00   2.423412e+00   1.753668e-01
1.143389999999999906e+00   2.562836e+00   1.754163e-01
1.148133000000000070e+00   2.546903e+00   1.747108e-01
1.152875000000000094e+00   2.457066e+00   1.747402e-01
1.157616999999999896e+00   2.162164e+00   1.738025e-01
1.162360000000000060e+00   2.023458e+00   1.736813e-01
1.167102000000000084e+00   2.033586e+00   1.732384e-01
1.171844000000000108e+00   2.379662e+00   1.732316e-01
1.176587000000000049e+00   2.173232e+00   1.726258e-01
1.181329000000000073e+00   1.980134e+00   1.723802e-01
1.186071000000000097e+00   2.324560e+00   1.724958e-01
1.190812999999999899e+00   2.113752e+00   1.723208e-01
1.195556000000000063e+00   2.051335e+00   1.715221e-01
1.200298000000000087e+00   2.124894e+00   1.712305e-01
1.205039999999999889e+00   1.904906e+00   1.707729e-01
1.209783000000000053e+00   1.961250e+00   1.701997e-01
1.214525000000000077e+00   1.955575e+00   1.699146e-01
1.219267000000000101e+00   2.000114e+00   1.698505e-01
1.224010000000000042e+00   2.107304e+00   1.696296e-01
1.228752000000000066e+00   2.092862e+00   1.696728e-01
1.233494000000000090e+00   1.832737e+00   1.691859e-01
1.238235999999999892e+00   1.955998e+00   1.686566e-01
1.242979000000000056e+00   1.580031e+00   1.680460e-01
1.247721000000000080e+00   1.687706e+00   1.683719e-01
1.252463000000000104e+00   1.982609e+00   1.683244e-01
1.257206000000000046e+00   1.832642e+00   1.724273e-01
1.261948000000000070e+00   1.702440e+00   1.763792e-01
1.266690000000000094e+00   1.640551e+00   1.789854e-01
1.271433000000000035e+00   1.743026e+00   1.813087e-01
1.276175000000000059e+00   1.662640e+00   1.831464e-01
1.280917000000000083e+00   1.703284e+00   1.851878e-01
1.285659000000000107e+00   1.767902e+00   1.875472e-01
1.290402000000000049e+00   1.722154e+00   1.886797e-01
1.295144000000000073e+00   1.840028e+00   1.905853e-01
1.299886000000000097e+00   1.860380e+00   1.916811e-01
1.304629000000000039e+00   1.633427e+00   1.927689e-01
1.309371000000000063e+00   1.428442e+00   1.926512e-01
1.314113000000000087e+00   1.338601e+00   1.927588e-01
1.318856000000000028e+00   1.632682e+00   1.934811e-01
1.323598000000000052e+00   1.585998e+00   1.867940e-01
1.328340000000000076e+00   1.534580e+00   1.819006e-01
1.333082000000000100e+00   1.464908e+00   1.785554e-01
1.337825000000000042e+00   1.383246e+00   1.757899e-01
1.342567000000000066e+00   1.273975e+00   1.735176e-01
1.347309000000000090e+00   1.307691e+00   1.726909e-01
1.352052000000000032e+00   1.306743e+00   1.711091e-01
1.356794000000000056e+00   1.412199e+00   1.696756e-01
1.361536000000000080e+00   1.219658e+00   1.685959e-01
1.366279000000000021e+00   1.393338e+00   1.677649e-01
1.371021000000000045e+00   1.642884e+00   1.673070e-01
1.375763000000000069e+00   1.364208e+00   1.660620e-01
1.380505000000000093e+00   1.370272e+00   1.659836e-01
1.385248000000000035e+00   1.222031e+00   1.653789e-01
1.389990000000000059e+00   1.152656e+00   1.649786e-01
1.394732000000000083e+00   1.249999e+00   1.645533e-01
1.399475000000000025e+00   1.437460e+00   1.646692e-01
1.404217000000000048e+00   1.321966e+00   1.639261e-01
1.408959000000000072e+00   1.420328e+00   1.637617e-01
1.413702000000000014e+00   1.337046e+00   1.632955e-01
1.418444000000000038e+00   1.187523e+00   1.627880e-01
1.423186000000000062e+00   1.020099e+00   1.620740e-01
1.427928000000000086e+00   9.238288e-01   1.618549e-01
1.432671000000000028e+00   1.086556e+00   1.615942e-01
1.437413000000000052e+00   1.063166e+00   1.617294e-01
1.442155000000000076e+00   1.265945e+00   1.615664e-01
1.446898000000000017e+00   1.018750e+00   1.608090e-01
1.451640000000000041e+00   9.309564e-01   1.606499e-01
1.456382000000000065e+00   1.062944e+00   1.604355e-01
1.461125000000000007e+00   8.653028e-01   1.591265e-01
1.465867000000000031e+00   9.892732e-01   1.595480e-01
1.470609000000000055e+00   1.026479e+00   1.590059e-01
1.475351000000000079e+00   1.099818e+00   1.591321e-01
1.480094000000000021e+00   1.160706e+00   1.590310e-01
1.484836000000000045e+00   9.384728e-01   1.583745e-01
1.489578000000000069e+00   9.330708e-01   1.584732e-01
1.494321000000000010e+00   9.411852e-01   1.598581e-01
1.499063000000000034e+00   9.246908e-01   1.647515e-01
1.503805000000000058e+00   1.012842e+00   1.676439e-01
1.508548000000000000e+00   1.015899e+00   1.703903e-01
1.513290000000000024e+00   7.349308e-01   1.722539e-01
1.518032000000000048e+00   7.632568e-01   1.734922e-01
1.522774000000000072e+00   9.099676e-01   1.712471e-01
1.527517000000000014e+00   9.673728e-01   1.666100e-01
1.532259000000000038e+00   1.029031e+00   1.644695e-01
1.537001000000000062e+00   9.666924e-01   1.624109e-01
1.541744000000000003e+00   9.351928e-01   1.609877e-01
1.546486000000000027e+00   7.311656e-01   1.591489e-01
1.551228000000000051e+00   8.964640e-01   1.585658e-01
1.555970999999999993e+00   7.894600e-01   1.579318e-01
1.560713000000000017e+00   6.517684e-01   1.570825e-01
1.565455000000000041e+00   7.036264e-01   1.559288e-01
1.570197000000000065e+00   5.365108e-01   1.551112e-01
1.574940000000000007e+00   9.283464e-01   1.545155e-01
1.579682000000000031e+00   8.162708e-01   1.539726e-01
1.584424000000000055e+00   9.956420e-01   1.539345e-01
1.589166999999999996e+00   1.114577e+00   1.539795e-01
1.593909000000000020e+00   1.009052e+00   1.538718e-01
1.598651000000000044e+00   4.642664e-01   1.534114e-01
1.603393999999999986e+00   8.228484e-01   1.542043e-01
1.608136000000000010e+00   7.393140e-01   1.538375e-01
1.612878000000000034e+00   5.828072e-01   1.534167e-01
1.617620000000000058e+00   7.166124e-01   1.533404e-01
1.622363000000000000e+00   7.924296e-01   1.534465e-01
1.627105000000000024e+00   6.681308e-01   1.529260e-01
1.631847000000000047e+00   7.472664e-01   1.529455e-01
1.636589999999999989e+00   5.510996e-01   1.520320e-01
1.641332000000000013e+00   7.831224e-01   1.521941e-01
1.646074000000000037e+00   5.800972e-01   1.516149e-01
1.650816999999999979e+00   8.087900e-01   1.520605e-01
1.655559000000000003e+00   6.721128e-01   1.513912e-01
1.660301000000000027e+00   7.187352e-01   1.510827e-01
1.665043000000000051e+00   5.572496e-01   1.502922e-01
1.669785999999999992e+00   4.882372e-01   1.500149e-01
1.674528000000000016e+00   5.944828e-01   1.503367e-01
1.679270000000000040e+00   6.662864e-01   1.503377e-01
1.684012999999999982e+00   5.323968e-01   1.500552e-01
1.688755000000000006e+00   6.241336e-01   1.498004e-01
1.693497000000000030e+00   6.014676e-01   1.494019e-01
1.698239999999999972e+00   5.318952e-01   1.494302e-01
1.702981999999999996e+00   4.187832e-01   1.488506e-01
1.707724000000000020e+00   4.188744e-01   1.484799e-01
1.712466000000000044e+00   6.161720e-01   1.485242e-01
1.717208999999999985e+00   5.913220e-01   1.484077e-01
1.721951000000000009e+00   5.058928e-01   1.482649e-01
1.726693000000000033e+00   5.605304e-01   1.477884e-01
1.731435999999999975e+00   4.778680e-01   1.474209e-01
1.736177999999999999e+00   6.454852e-01   1.476797e-01
1.740920000000000023e+00   4.557224e-01   1.474167e-01
1.745662999999999965e+00   4.690716e-01   1.468717e-01
1.750404999999999989e+00   3.018764e-01   1.467780e-01
1.755147000000000013e+00   3.609496e-01   1.467152e-01
1.759889000000000037e+00   4.025256e-01   1.464728e-01
1.764631999999999978e+00   3.602656e-01   1.460804e-01
1.769374000000000002e+00   4.453964e-01   1.457941e-01
1.774116000000000026e+00   6.023452e-01   1.456542e-01
1.778858999999999968e+00   4.283612e-01   1.454582e-01
1.783600999999999992e+00   5.521964e-01   1.456133e-01
1.788343000000000016e+00   6.052976e-01   1.452552e-01
1.793085999999999958e+00   5.448780e-01   1.449817e-01
1.797827999999999982e+00   4.215540e-01   1.447036e-01
1.802570000000000006e+00   2.777860e-01   1.445946e-01
1.807312000000000030e+00   5.219196e-01   1.443700e-01
1.812054999999999971e+00   4.682812e-01   1.443892e-01
1.816796999999999995e+00   3.761016e-01   1.436185e-01
1.821539000000000019e+00   4.534188e-01   1.439580e-01
1.826281999999999961e+00   2.957864e-01   1.439146e-01
1.831023999999999985e+00   5.158724e-01   1.439022e-01
1.835766000000000009e+00   4.268412e-01   1.431690e-01
1.840508999999999951e+00   5.998440e-01   1.433524e-01
1.845250999999999975e+00   2.733564e-01   1.429465e-01
1.849992999999999999e+00   1.870692e-01   1.426287e-01
1.854735000000000023e+00   5.213604e-01   1.427067e-01
1.859477999999999964e+00   3.949728e-01   1.425096e-01
1.864219999999999988e+00   4.773564e-01   1.424966e-01
1.868962000000000012e+00   3.204788e-01   1.418988e-01
1.873704999999999954e+00   4.654812e-01   1.419891e-01
1.878446999999999978e+00   3.150008e-01   1.416667e-01
1.883189000000000002e+00   4.113928e-01   1.415186e-01
1.887931999999999944e+00   7.047128e-01   1.420628e-01
1.892673999999999968e+00   4.411428e-01   1.413090e-01
1.897415999999999991e+00   6.118416e-01   1.413405e-01
1.902158000000000015e+00   5.574088e-01   1.411432e-01
1.906900999999999957e+00   1.868156e-01   1.403983e-01
1.911642999999999981e+00   2.838364e-01   1.403145e-01
1.916385000000000005e+00   3.009596e-01   1.403519e-01
1.921127999999999947e+00   2.000016e-01   1.402766e-01
1.925869999999999971e+00   4.224544e-01   1.403509e-01
1.930611999999999995e+00   1.536600e-01   1.394918e-01
1.935354999999999936e+00   3.710016e-01   1.396307e-01
1.940096999999999960e+00   3.510052e-01   1.395043e-01
1.944838999999999984e+00   5.925128e-01   1.395155e-01
1.949581000000000008e+00   4.396060e-01   1.391382e-01
1.954323999999999950e+00   3.268664e-01   1.389224e-01
1.959065999999999974e+00   3.602820e-01   1.385879e-01
1.963807999999999998e+00   5.363968e-01   1.383399e-01
1.968550999999999940e+00   3.533808e-01   1.378685e-01
1.973292999999999964e+00   2.693356e-01   1.372955e-01
1.978034999999999988e+00   3.134068e-01   1.374875e-01
1.982777999999999929e+00   3.680752e-01   1.373969e-01
1.987519999999999953e+00   3.992316e-01   1.371536e-01
1.992261999999999977e+00   2.962564e-01   1.370480e-01
1.997004000000000001e+00   3.418672e-01   1.368594e-01
2.001746999999999943e+00   5.758936e-01   1.367526e-01
2.006489000000000189e+00   3.904076e-01   1.367764e-01
2.011230999999999991e+00   4.344176e-01   1.369258e-01
2.015973999999999933e+00   4.165740e-01   1.370740e-01
2.020716000000000179e+00   3.913048e-01   1.368280e-01
2.025457999999999981e+00   1.481544e-01   1.362736e-01
2.030200999999999922e+00   1.148760e-01   1.363796e-01
2.034943000000000168e+00   2.736232e-01   1.362012e-01
2.039684999999999970e+00   2.217672e-01   1.358383e-01
2.044427000000000216e+00   3.335132e-01   1.358228e-01
2.049170000000000158e+00   2.327196e-01   1.356293e-01
2.053911999999999960e+00   3.135928e-01   1.357921e-01
2.058654000000000206e+00   8.767120e-02   1.355968e-01
2.063397000000000148e+00   4.614408e-01   1.393489e-01
2.068138999999999950e+00   3.113828e-01   1.423877e-01
2.072881000000000196e+00   1.275544e-01   1.439683e-01
2.077624000000000137e+00   2.644924e-01   1.454548e-01
2.082365999999999939e+00   2.230420e-01   1.470010e-01
2.087108000000000185e+00   1.254120e-01   1.480699e-01
2.091849999999999987e+00   1.754504e-01   1.497354e-01
2.096592999999999929e+00   4.618116e-01   1.503339e-01
2.101335000000000175e+00   3.205468e-01   1.507683e-01
2.106076999999999977e+00   2.429640e-01   1.508199e-01
2.110819999999999919e+00   4.672844e-01   1.513754e-01
2.115562000000000165e+00   4.013492e-01   1.518372e-01
2.120303999999999967e+00   3.936740e-01   1.518149e-01
2.125046999999999908e+00   1.671396e-01   1.510322e-01
2.129789000000000154e+00   2.652680e-01   1.468626e-01
2.134530999999999956e+00   3.634076e-01   1.442110e-01
2.139273000000000202e+00   6.313960e-02   1.415601e-01
2.144016000000000144e+00   3.214992e-01   1.408720e-01
2.148757999999999946e+00   4.999168e-01   1.399716e-01
2.153500000000000192e+00   8.602880e-02   1.381432e-01
2.158243000000000134e+00   2.750056e-01   1.373809e-01
2.162984999999999935e+00   2.954516e-01   1.370094e-01
2.167727000000000182e+00   4.209648e-01   1.370629e-01
2.172470000000000123e+00   2.231172e-01   1.369283e-01
2.177211999999999925e+00   3.388848e-01   1.363455e-01
2.181954000000000171e+00   4.111200e-01   1.364451e-01
2.186695999999999973e+00   2.149208e-01   1.357654e-01
2.191438999999999915e+00   4.788400e-03   1.350423e-01
2.196181000000000161e+00   2.782016e-01   1.356284e-01
2.200922999999999963e+00   3.157028e-01   1.351609e-01
2.205665999999999904e+00   2.987724e-01   1.350798e-01
2.210408000000000150e+00   2.211728e-01   1.347121e-01
2.215149999999999952e+00   1.950872e-01   1.340332e-01
2.219892999999999894e+00   4.200436e-01   1.343532e-01
2.224635000000000140e+00   3.061948e-01   1.338914e-01
2.229376999999999942e+00   1.624880e-02   1.333723e-01
2.234119000000000188e+00   2.004452e-01   1.335504e-01
2.238862000000000130e+00   3.816268e-01   1.333355e-01
2.243603999999999932e+00   2.656064e-01   1.330666e-01
2.248346000000000178e+00   3.308760e-02   1.327766e-01
2.253089000000000119e+00   8.430080e-02   1.325885e-01
2.257830999999999921e+00   3.784920e-01   1.325672e-01
2.262573000000000167e+00   2.739812e-01   1.321692e-01
2.267316000000000109e+00   1.409672e-01   1.320672e-01
2.272057999999999911e+00   8.520600e-02   1.319146e-01
2.276800000000000157e+00   1.869072e-01   1.319967e-01
2.281541999999999959e+00   1.454284e-01   1.317011e-01
2.286284999999999901e+00   1.568252e-01   1.313577e-01
2.291027000000000147e+00   2.176836e-01   1.312032e-01
2.295768999999999949e+00   1.481316e-01   1.308651e-01
2.300511999999999890e+00   1.677732e-01   1.307761e-01
2.305254000000000136e+00   1.314496e-01   1.308742e-01
2.309995999999999938e+00   1.646428e-01   1.308037e-01
2.314738999999999880e+00   9.402440e-02   1.305557e-01
2.319481000000000126e+00   2.554536e-01   1.305050e-01
2.324222999999999928e+00   7.036040e-02   1.303492e-01
2.328965000000000174e+00   5.175728e-01   1.308480e-01
2.333708000000000116e+00   2.853480e-01   1.300597e-01
2.338449999999999918e+00  -7.710720e-02   1.290080e-01
2.343192000000000164e+00   3.588000e-03   1.289633e-01
2.347935000000000105e+00   2.232064e-01   1.290205e-01
2.352676999999999907e+00   3.197804e-01   1.292959e-01
2.357419000000000153e+00   2.850816e-01   1.291412e-01
2.362162000000000095e+00   1.427948e-01   1.285679e-01
2.366903999999999897e+00   1.062896e-01   1.287293e-01
2.371646000000000143e+00   1.489384e-01   1.287280e-01
2.376387999999999945e+00   1.216976e-01   1.285223e-01
2.381130999999999887e+00   1.343164e-01   1.282815e-01
2.385873000000000133e+00   4.794520e-02   1.283912e-01
2.390614999999999934e+00   1.130892e-01   1.282820e-01
2.395357999999999876e+00   2.001316e-01   1.280132e-01
2.400100000000000122e+00   3.011268e-01   1.279146e-01
2.404841999999999924e+00  -8.714920e-02   1.274582e-01
2.409584999999999866e+00  -2.625840e-02   1.273070e-01
2.414327000000000112e+00   1.740560e-01   1.275131e-01
2.419068999999999914e+00   4.145104e-01   1.275035e-01
2.423811000000000160e+00   4.000696e-01   1.274417e-01
2.428554000000000102e+00   2.948748e-01   1.268768e-01
2.433295999999999903e+00   2.529072e-01   1.270337e-01
2.438038000000000149e+00   2.059964e-01   1.267617e-01
2.442781000000000091e+00   2.710180e-01   1.267681e-01
2.447522999999999893e+00   8.962080e-02   1.262289e-01
2.452265000000000139e+00   2.008596e-01   1.262099e-01
2.457008000000000081e+00   4.676156e-01   1.263645e-01
2.461749999999999883e+00   3.943680e-01   1.264859e-01
2.466492000000000129e+00   2.283584e-01   1.260201e-01
2.471233999999999931e+00   3.234412e-01   1.261175e-01
2.475976999999999872e+00   9.091960e-02   1.254994e-01
2.480719000000000118e+00   7.921360e-02   1.254226e-01
2.485460999999999920e+00   1.040684e-01   1.255229e-01
2.490203999999999862e+00   2.442148e-01   1.254470e-01
2.494946000000000108e+00   2.447420e-01   1.253647e-01
2.499687999999999910e+00   7.543200e-02   1.251097e-01
2.504430999999999852e+00   1.354552e-01   1.250594e-01
2.509173000000000098e+00   1.896248e-01   1.248595e-01
2.513914999999999900e+00   3.079040e-01   1.249645e-01
2.518657000000000146e+00   1.000132e-01   1.247826e-01
2.523400000000000087e+00   2.430448e-01   1.246142e-01
2.528141999999999889e+00   1.608048e-01   1.245024e-01
2.532884000000000135e+00   1.910956e-01   1.240937e-01
2.537627000000000077e+00   2.215752e-01   1.240937e-01
2.542368999999999879e+00   3.143216e-01   1.243099e-01
2.547111000000000125e+00   1.264776e-01   1.236690e-01
2.551854000000000067e+00   1.940760e-01   1.231666e-01
2.556595999999999869e+00   1.290340e-01   1.229877e-01
2.561338000000000115e+00   7.551440e-02   1.227804e-01
2.566079999999999917e+00   1.935492e-01   1.230459e-01
2.570822999999999858e+00   9.292720e-02   1.229634e-01
2.575565000000000104e+00   1.128144e-01   1.227116e-01
2.580306999999999906e+00   1.686472e-01   1.224845e-01
2.585049999999999848e+00   2.062292e-01   1.225716e-01
2.589792000000000094e+00   1.187292e-01   1.222569e-01
2.594533999999999896e+00   2.141380e-01   1.223249e-01
2.599276999999999838e+00   1.606216e-01   1.222816e-01
2.604019000000000084e+00   6.446320e-02   1.222331e-01
2.608760999999999886e+00   1.630136e-01   1.221261e-01
2.613503000000000132e+00   9.572880e-02   1.219708e-01
2.618246000000000073e+00   2.235032e-01   1.221741e-01
2.622987999999999875e+00   2.179244e-01   1.219871e-01
2.627730000000000121e+00   3.278584e-01   1.221213e-01
2.632473000000000063e+00   2.880444e-01   1.219807e-01
2.637214999999999865e+00   1.681624e-01   1.219220e-01
2.641957000000000111e+00   1.994888e-01   1.218401e-01
2.646700000000000053e+00   8.861880e-02   1.217000e-01
2.651441999999999855e+00   1.027908e-01   1.212623e-01
2.656184000000000101e+00   1.772816e-01   1.212854e-01
2.660925999999999902e+00   1.426764e-01   1.213980e-01
2.665668999999999844e+00   3.008040e-02   1.207208e-01
2.670411000000000090e+00   3.253500e-01   1.208260e-01
2.675152999999999892e+00   2.740192e-01   1.208557e-01
2.679895999999999834e+00   2.668480e-02   1.203295e-01
2.684638000000000080e+00  -1.730320e-02   1.203465e-01
2.689379999999999882e+00   1.990320e-01   1.203188e-01
2.694122999999999823e+00   2.886152e-01   1.206006e-01
2.698865000000000069e+00   2.608340e-01   1.204724e-01
2.703606999999999871e+00   8.262200e-02   1.201753e-01
2.708349000000000117e+00   6.103480e-02   1.201950e-01
2.713092000000000059e+00   1.124708e-01   1.200276e-01
2.717833999999999861e+00  -5.605040e-02   1.195160e-01
2.722576000000000107e+00   8.582160e-02   1.197772e-01
2.727319000000000049e+00   1.117160e-02   1.195641e-01
2.732060999999999851e+00   9.441560e-02   1.195460e-01
2.736803000000000097e+00   5.216040e-02   1.192089e-01
2.741546000000000038e+00   1.051560e-01   1.193116e-01
2.746287999999999840e+00   1.191784e-01   1.191076e-01
2.751030000000000086e+00   2.163232e-01   1.191629e-01
2.755771999999999888e+00   3.232976e-01   1.192036e-01
2.760514999999999830e+00   2.800148e-01   1.191011e-01
2.765257000000000076e+00   1.675416e-01   1.189306e-01
2.769998999999999878e+00   2.121856e-01   1.188064e-01
2.774741999999999820e+00   1.613080e-01   1.189282e-01
2.779484000000000066e+00   2.712624e-01   1.187158e-01
2.784225999999999868e+00   3.451352e-01   1.185831e-01
2.788968999999999809e+00   2.214772e-01   1.183202e-01
2.793711000000000055e+00   1.975608e-01   1.182085e-01
2.798452999999999857e+00   1.896012e-01   1.182349e-01
2.803195000000000103e+00   3.003392e-01   1.180716e-01
2.807938000000000045e+00   2.544396e-01   1.179071e-01
2.812679999999999847e+00   1.657932e-01   1.179088e-01
2.817422000000000093e+00   7.274800e-03   1.176820e-01
2.822165000000000035e+00   3.056032e-01   1.180727e-01
2.826906999999999837e+00   9.858040e-02   1.173908e-01
2.831649000000000083e+00   4.157280e-02   1.174336e-01
2.836392000000000024e+00   2.083144e-01   1.176410e-01
2.841133999999999826e+00  -3.317200e-02   1.171511e-01
2.845876000000000072e+00   9.681680e-02   1.170314e-01
2.850617999999999874e+00   2.611272e-01   1.170748e-01
2.855360999999999816e+00   3.913188e-01   1.170717e-01
2.860103000000000062e+00   1.941712e-01   1.168894e-01
2.864844999999999864e+00   3.291980e-01   1.173820e-01
2.869587999999999806e+00   2.952384e-01   1.204972e-01
2.874330000000000052e+00   3.135980e-01   1.222395e-01
2.879071999999999854e+00   2.755496e-01   1.237342e-01
2.883814999999999795e+00   2.613572e-01   1.249464e-01
2.888557000000000041e+00   1.065064e-01   1.259146e-01
2.893298999999999843e+00   1.943500e-01   1.259891e-01
2.898041000000000089e+00   1.790684e-01   1.264332e-01
2.902784000000000031e+00   2.243568e-01   1.271889e-01
2.907525999999999833e+00   3.607036e-01   1.277914e-01
2.912268000000000079e+00   7.782880e-02   1.276557e-01
2.917011000000000021e+00   2.824240e-02   1.274774e-01
2.921752999999999822e+00   1.946996e-01   1.281980e-01
2.926495000000000068e+00   2.666620e-01   1.288221e-01
2.931238000000000010e+00   6.279000e-02   1.275881e-01
2.935979999999999812e+00   1.114280e-02   1.242241e-01
2.940722000000000058e+00   2.683604e-01   1.222149e-01
2.945463999999999860e+00   2.032672e-01   1.210581e-01
2.950206999999999802e+00   3.510768e-01   1.202127e-01
2.954949000000000048e+00   2.792648e-01   1.195326e-01
2.959690999999999850e+00   1.170524e-01   1.190022e-01
2.964433999999999791e+00   1.262808e-01   1.187133e-01
2.969176000000000037e+00   2.159000e-01   1.185232e-01
2.973917999999999839e+00   2.444536e-01   1.183298e-01
2.978660999999999781e+00   3.866376e-01   1.181924e-01
2.983403000000000027e+00   4.464444e-01   1.183282e-01
2.988144999999999829e+00   4.166840e-02   1.176955e-01
2.992887000000000075e+00   1.140492e-01   1.172705e-01
2.997630000000000017e+00   1.355520e-01   1.170849e-01
3.002371999999999819e+00   1.653760e-01   1.170159e-01
3.007114000000000065e+00   9.611400e-02   1.168008e-01
3.011857000000000006e+00   1.236248e-01   1.165643e-01
3.016598999999999808e+00   1.494512e-01   1.165820e-01
3.021341000000000054e+00   7.240840e-02   1.164877e-01
3.026083999999999996e+00   3.277452e-01   1.165264e-01
3.030825999999999798e+00   3.907396e-01   1.165945e-01
3.035568000000000044e+00   3.443368e-01   1.163119e-01
3.040309999999999846e+00   2.073264e-01   1.157754e-01
3.045052999999999788e+00   3.166312e-01   1.159517e-01
3.049795000000000034e+00   5.645000e-02   1.154822e-01
3.054536999999999836e+00   1.253400e-01   1.151954e-01
3.059280000000000221e+00   1.009720e-01   1.149814e-01
3.064022000000000023e+00   2.560168e-01   1.152965e-01
3.068763999999999825e+00   3.592540e-01   1.154311e-01
3.073507000000000211e+00   3.540724e-01   1.153709e-01
3.078249000000000013e+00   2.121592e-01   1.149588e-01
3.082990999999999815e+00   6.672600e-02   1.149172e-01
3.087733000000000061e+00   5.234360e-02   1.145139e-01
3.092476000000000003e+00   2.355236e-01   1.145655e-01
3.097217999999999805e+00   2.850000e-01   1.143279e-01
3.101960000000000051e+00   9.476480e-02   1.141925e-01
3.106702999999999992e+00   1.920068e-01   1.141830e-01
3.111444999999999794e+00   1.227432e-01   1.140226e-01
3.116187000000000040e+00   3.267740e-01   1.142398e-01
3.120929999999999982e+00   3.150080e-01   1.142401e-01
3.125671999999999784e+00   1.652092e-01   1.139648e-01
3.130414000000000030e+00   1.646544e-01   1.135870e-01
3.135155999999999832e+00   1.633256e-01   1.136469e-01
3.139899000000000218e+00   2.214120e-01   1.135075e-01
3.144641000000000020e+00   2.010580e-01   1.134463e-01
3.149382999999999821e+00   2.514440e-01   1.133184e-01
3.154126000000000207e+00   1.240976e-01   1.130902e-01
3.158868000000000009e+00   6.459480e-02   1.129843e-01
3.163609999999999811e+00   9.482440e-02   1.128438e-01
3.168353000000000197e+00  -5.535200e-02   1.126257e-01
3.173094999999999999e+00   1.045360e-01   1.129068e-01
3.177836999999999801e+00   3.667832e-01   1.128958e-01
3.182579000000000047e+00   2.021072e-01   1.127831e-01
3.187321999999999989e+00   1.683744e-01   1.125696e-01
3.192063999999999790e+00   8.289640e-02   1.122973e-01
3.196806000000000036e+00   7.931840e-02   1.122058e-01
3.201548999999999978e+00  -6.291600e-03   1.120754e-01
3.206290999999999780e+00   1.932588e-01   1.119358e-01
3.211033000000000026e+00   1.601136e-01   1.119341e-01
3.215775999999999968e+00   1.755648e-01   1.119821e-01
3.220518000000000214e+00   1.944920e-01   1.117691e-01
3.225260000000000016e+00   1.929000e-02   1.115496e-01
3.230001999999999818e+00   2.461440e-01   1.115368e-01
3.234745000000000203e+00   3.726920e-02   1.114848e-01
3.239487000000000005e+00   1.777400e-01   1.115189e-01
3.244228999999999807e+00   9.364280e-02   1.111726e-01
3.248972000000000193e+00   1.722040e-02   1.108934e-01
3.253713999999999995e+00   1.083624e-01   1.107858e-01
3.258455999999999797e+00   1.957880e-02   1.106743e-01
3.263199000000000183e+00   9.287640e-02   1.109056e-01
3.267940999999999985e+00   3.647816e-01   1.108770e-01
3.272682999999999787e+00   2.155820e-01   1.107080e-01
3.277425000000000033e+00   1.907772e-01   1.104678e-01
3.282167999999999974e+00   1.510556e-01   1.104858e-01
3.286910000000000220e+00   2.075468e-01   1.103372e-01
3.291652000000000022e+00   2.913568e-01   1.103193e-01
3.296394999999999964e+00   3.535552e-01   1.103673e-01
3.301137000000000210e+00   2.392296e-01   1.104080e-01
3.305879000000000012e+00   3.302852e-01   1.106704e-01
3.310621999999999954e+00   1.236352e-01   1.103195e-01
3.315364000000000200e+00   1.400396e-01   1.101670e-01
3.320106000000000002e+00   2.580608e-01   1.099871e-01
3.324847999999999804e+00   1.483632e-01   1.100490e-01
3.329591000000000189e+00   2.643484e-01   1.098016e-01
3.334332999999999991e+00   1.458792e-01   1.098119e-01
3.339074999999999793e+00   1.091952e-01   1.097625e-01
3.343818000000000179e+00   1.857352e-01   1.098496e-01
3.348559999999999981e+00   3.342336e-01   1.097692e-01
3.353301999999999783e+00   2.241956e-01   1.095964e-01
3.358045000000000169e+00   2.743364e-01   1.094103e-01
3.362786999999999971e+00   2.068032e-01   1.092281e-01
3.367529000000000217e+00   3.777960e-01   1.095727e-01
3.372271000000000019e+00   3.022376e-01   1.111700e-01
3.377013999999999960e+00   1.735960e-01   1.136639e-01
3.381756000000000206e+00   1.732092e-01   1.149029e-01
3.386498000000000008e+00   1.463600e-03   1.155508e-01
3.391240999999999950e+00   2.122912e-01   1.159663e-01
3.395983000000000196e+00   1.701668e-01   1.161168e-01
3.400724999999999998e+00   9.354560e-02   1.164266e-01
3.405467999999999940e+00   2.877372e-01   1.166693e-01
3.410210000000000186e+00   2.354144e-01   1.165706e-01
3.414951999999999988e+00   2.211052e-01   1.167368e-01
3.419693999999999789e+00   8.786600e-02   1.168715e-01
3.424437000000000175e+00   8.300760e-02   1.171257e-01
3.429178999999999977e+00   2.325204e-01   1.175786e-01
3.433920999999999779e+00   2.246212e-01   1.178870e-01
3.438664000000000165e+00   3.216804e-01   1.179661e-01
3.443405999999999967e+00   1.168064e-01   1.181494e-01
3.448148000000000213e+00   2.123528e-01   1.185283e-01
3.452891000000000155e+00   1.624804e-01   1.185003e-01
3.457632999999999956e+00   2.504356e-01   1.189098e-01
3.462375000000000203e+00   1.728488e-01   1.186876e-01
3.467117000000000004e+00   3.104332e-01   1.191026e-01
3.471859999999999946e+00   3.938200e-02   1.190112e-01
3.476602000000000192e+00   3.027028e-01   1.193189e-01
3.481343999999999994e+00   3.474548e-01   1.195628e-01
3.486086999999999936e+00   1.744648e-01   1.195368e-01
3.490829000000000182e+00   1.337524e-01   1.198535e-01
3.495570999999999984e+00   1.424756e-01   1.198864e-01
3.500313999999999925e+00   5.944320e-02   1.199446e-01
3.505056000000000171e+00   9.735160e-02   1.199654e-01
3.509797999999999973e+00   4.143160e-02   1.200428e-01
3.514540000000000219e+00   1.417096e-01   1.201895e-01
3.519283000000000161e+00   2.329532e-01   1.208093e-01
3.524024999999999963e+00   2.551320e-02   1.206006e-01
3.528767000000000209e+00   1.010444e-01   1.207613e-01
3.533510000000000151e+00   2.439652e-01   1.207888e-01
3.538251999999999953e+00   1.462868e-01   1.211475e-01
3.542994000000000199e+00   2.554416e-01   1.212867e-01
3.547737000000000140e+00   2.553520e-01   1.211662e-01
3.552478999999999942e+00   1.010040e-02   1.211224e-01
3.557221000000000188e+00   1.756180e-01   1.215155e-01
3.561962999999999990e+00   2.323160e-01   1.216199e-01
3.566705999999999932e+00   2.221224e-01   1.216887e-01
3.571448000000000178e+00   1.723508e-01   1.220179e-01
3.576189999999999980e+00   1.177832e-01   1.219318e-01
3.580932999999999922e+00   2.527980e-01   1.221770e-01
3.585675000000000168e+00   5.431080e-02   1.218654e-01
3.590416999999999970e+00   7.353600e-02   1.219740e-01
3.595159999999999911e+00  -7.492400e-03   1.220398e-01
3.599902000000000157e+00   2.213572e-01   1.220482e-01
3.604643999999999959e+00   2.082832e-01   1.221758e-01
3.609386000000000205e+00   2.169560e-01   1.220676e-01
3.614129000000000147e+00   1.651940e-01   1.220191e-01
3.618870999999999949e+00  -3.903520e-02   1.218125e-01
3.623613000000000195e+00  -5.741600e-03   1.219343e-01
3.628356000000000137e+00   1.705964e-01   1.223058e-01
3.633097999999999939e+00   2.242956e-01   1.225526e-01
3.637840000000000185e+00   6.638680e-02   1.222845e-01
3.642583000000000126e+00   2.469984e-01   1.223291e-01
3.647324999999999928e+00   9.018760e-02   1.220410e-01
3.652067000000000174e+00   2.374460e-01   1.224449e-01
3.656808999999999976e+00   6.981480e-02   1.225252e-01
3.661551999999999918e+00  -2.136320e-02   1.224160e-01
3.666294000000000164e+00   1.450520e-01   1.229714e-01
3.671035999999999966e+00   1.775728e-01   1.252291e-01
3.675778999999999908e+00   2.077668e-01   1.293995e-01
3.680521000000000154e+00  -4.042880e-02   1.313193e-01
3.685262999999999955e+00   8.579920e-02   1.334227e-01
3.690005999999999897e+00   2.148908e-01   1.353222e-01
3.694748000000000143e+00   2.359812e-01   1.359737e-01
3.699489999999999945e+00  -1.099120e-02   1.364218e-01
3.704232000000000191e+00   1.306384e-01   1.374456e-01
3.708975000000000133e+00   2.438168e-01   1.381124e-01
3.713716999999999935e+00   1.468968e-01   1.388326e-01
3.718459000000000181e+00   2.214240e-01   1.398343e-01
3.723202000000000123e+00   1.919768e-01   1.403149e-01
3.727943999999999924e+00   1.457404e-01   1.407051e-01
3.732686000000000170e+00   1.151456e-01   1.411847e-01
3.737429000000000112e+00   1.172768e-01   1.423116e-01
3.742170999999999914e+00   3.128872e-01   1.428213e-01
3.746913000000000160e+00   3.366824e-01   1.434891e-01
3.751654999999999962e+00   1.348480e-01   1.440048e-01
3.756397999999999904e+00   2.151388e-01   1.446305e-01
3.761140000000000150e+00   2.362936e-01   1.453368e-01
3.765881999999999952e+00   2.122028e-01   1.460080e-01
3.770624999999999893e+00   3.131548e-01   1.464398e-01
3.775367000000000139e+00   1.332480e-02   1.468072e-01
3.780108999999999941e+00  -1.004280e-02   1.473856e-01
3.784851999999999883e+00  -1.028400e-02   1.479731e-01
3.789594000000000129e+00   2.437800e-01   1.488323e-01
3.794335999999999931e+00   2.615816e-01   1.497107e-01
3.799078000000000177e+00   1.747184e-01   1.504123e-01
3.803821000000000119e+00   1.637340e-01   1.510646e-01
3.808562999999999921e+00   5.639760e-02   1.508853e-01
3.813305000000000167e+00  -2.545080e-02   1.513951e-01
3.818048000000000108e+00   2.219340e-01   1.522197e-01
3.822789999999999910e+00   3.063000e-01   1.527370e-01
3.827532000000000156e+00  -7.446040e-02   1.532219e-01
3.832275000000000098e+00  -8.336000e-04   1.537483e-01
3.837016999999999900e+00   1.175928e-01   1.544382e-01
3.841759000000000146e+00  -5.421440e-02   1.554094e-01
3.846500999999999948e+00   1.587848e-01   1.556631e-01
3.851243999999999890e+00   3.318208e-01   1.564881e-01
3.855986000000000136e+00   3.916532e-01   1.570648e-01
3.860727999999999938e+00   1.078140e-01   1.574051e-01
3.865470999999999879e+00  -9.596320e-02   1.575435e-01
3.870213000000000125e+00   1.983160e-01   1.582635e-01
3.874954999999999927e+00   1.226412e-01   1.589711e-01
3.879697999999999869e+00   1.785280e-01   1.601031e-01
3.884440000000000115e+00   6.671520e-02   1.602077e-01
3.889181999999999917e+00   1.010196e-01   1.609040e-01
3.893924000000000163e+00   3.494800e-01   1.617298e-01
3.898667000000000105e+00   2.746072e-01   1.624999e-01
3.903408999999999907e+00   1.508904e-01   1.625980e-01
3.908151000000000153e+00   2.072540e-01   1.635263e-01
3.912894000000000094e+00   2.222984e-01   1.643947e-01
3.917635999999999896e+00   1.617844e-01   1.646193e-01
3.922378000000000142e+00   2.802048e-01   1.650558e-01
3.927121000000000084e+00   2.231996e-01   1.655825e-01
3.931862999999999886e+00   1.988128e-01   1.663900e-01
3.936605000000000132e+00   1.421692e-01   1.669243e-01
3.941346999999999934e+00   1.380216e-01   1.673235e-01
3.946089999999999876e+00   1.580280e-01   1.679983e-01
3.950832000000000122e+00   1.025176e-01   1.679816e-01
3.955573999999999923e+00  -5.137800e-02   1.682901e-01
3.960316999999999865e+00  -1.908480e-02   1.684870e-01
3.965059000000000111e+00  -4.313600e-02   1.680091e-01
3.969800999999999913e+00   2.335380e-01   1.680141e-01
3.974543999999999855e+00   2.249172e-01   1.680771e-01
3.979286000000000101e+00   5.660132e-01   1.689572e-01
3.984027999999999903e+00   2.351624e-01   1.686130e-01
3.988770000000000149e+00   1.131820e-01   1.695619e-01
3.993513000000000090e+00   1.571688e-01   1.696864e-01
3.998254999999999892e+00   3.026436e-01   1.699633e-01
4.002996999999999694e+00   2.910784e-01   1.709883e-01
4.007740000000000080e+00   4.249508e-01   1.720235e-01
4.012482000000000326e+00   1.036652e-01   1.721967e-01
4.017223999999999684e+00  -5.079040e-02   1.725680e-01
4.021967000000000070e+00  -2.848400e-02   1.730346e-01
4.026709000000000316e+00   6.756800e-03   1.737024e-01
4.031450999999999674e+00   3.229160e-01   1.750914e-01
4.036192999999999920e+00   3.726200e-02   1.753250e-01
4.040936000000000305e+00   7.335200e-03   1.758899e-01
4.045677999999999663e+00   6.444760e-02   1.759403e-01
4.050419999999999909e+00   7.114240e-02   1.767416e-01
4.055163000000000295e+00   2.430560e-02   1.771579e-01
4.059904999999999653e+00   1.397392e-01   1.782325e-01
4.064646999999999899e+00   1.363032e-01   1.790937e-01
4.069390000000000285e+00  -4.158560e-02   1.789945e-01
4.074131999999999643e+00  -1.090464e-01   1.797283e-01
4.078873999999999889e+00  -2.062896e-01   1.802020e-01
4.083616000000000135e+00   9.779640e-02   1.811792e-01
4.088358999999999632e+00   4.310024e-01   1.826455e-01
4.093100999999999878e+00   2.224336e-01   1.834117e-01
4.097843000000000124e+00   1.986056e-01   1.833170e-01
4.102585999999999622e+00   4.339520e-02   1.843617e-01
4.107327999999999868e+00   4.341280e-02   1.848286e-01
4.112070000000000114e+00   2.896644e-01   1.855299e-01
4.116812999999999612e+00   3.022604e-01   1.864988e-01
4.121554999999999858e+00   3.098788e-01   1.869196e-01
4.126297000000000104e+00   1.149172e-01   1.870092e-01
4.131039000000000350e+00  -1.051012e-01   1.879028e-01
4.135781999999999847e+00   5.124440e-02   1.884461e-01
4.140524000000000093e+00  -1.553760e-02   1.890120e-01
4.145266000000000339e+00   7.170200e-02   1.903433e-01
4.150008999999999837e+00  -1.687080e-02   1.899654e-01
4.154751000000000083e+00   6.547680e-02   1.912586e-01
4.159493000000000329e+00   3.749416e-01   1.923329e-01
4.164235999999999827e+00   1.764936e-01   1.931606e-01
4.168978000000000073e+00   2.436680e-01   1.940522e-01
4.173720000000000319e+00   2.612348e-01   1.943980e-01
4.178461999999999676e+00   3.599608e-01   1.952878e-01
4.183205000000000062e+00  -1.552516e-01   1.953240e-01
4.187947000000000308e+00  -2.012996e-01   1.959572e-01
4.192688999999999666e+00  -3.052960e-02   1.967773e-01
4.197432000000000052e+00   4.087840e-01   1.978620e-01
4.202174000000000298e+00   5.846880e-02   1.980381e-01
4.206915999999999656e+00   1.692424e-01   1.989950e-01
4.211659000000000042e+00   1.404772e-01   2.016633e-01
4.216401000000000288e+00   3.211200e-03   2.016904e-01
4.221142999999999645e+00   5.976280e-02   2.020415e-01
4.225884999999999891e+00   1.292788e-01   2.027714e-01
4.230628000000000277e+00   1.470000e-01   2.033893e-01
4.235369999999999635e+00   2.417604e-01   2.044394e-01
4.240111999999999881e+00   3.368440e-02   2.040643e-01
4.244855000000000267e+00  -1.571228e-01   2.052095e-01
4.249596999999999625e+00   1.328036e-01   2.065773e-01
4.254338999999999871e+00  -1.869716e-01   2.066697e-01
4.259082000000000257e+00  -1.887032e-01   2.077425e-01
4.263823999999999614e+00   8.576560e-02   2.091994e-01
4.268565999999999860e+00   3.004756e-01   2.104297e-01
4.273308000000000106e+00  -2.712480e-01   2.099320e-01
4.278050999999999604e+00  -2.133876e-01   2.115413e-01
4.282792999999999850e+00   1.744764e-01   2.129021e-01
4.287535000000000096e+00   3.685568e-01   2.141707e-01
4.292277999999999594e+00   7.253600e-03   2.135431e-01
4.297019999999999840e+00  -2.325120e-01   2.148171e-01
4.301762000000000086e+00   2.580288e-01   2.170171e-01
4.306504999999999583e+00   2.072772e-01   2.167516e-01
4.311246999999999829e+00   1.124532e-01   2.180024e-01
4.315989000000000075e+00  -9.924840e-02   2.187487e-01
4.320731000000000321e+00   5.239040e-01   2.199454e-01
4.325473999999999819e+00   5.902860e-01   2.217703e-01
4.330216000000000065e+00   1.394012e-01   2.228617e-01
4.334958000000000311e+00  -5.462040e-02   2.226818e-01
4.339700999999999809e+00  -1.496348e-01   2.233579e-01
4.344443000000000055e+00   3.597916e-01   2.255071e-01
4.349185000000000301e+00   2.101492e-01   2.264701e-01
4.353927999999999798e+00   1.371016e-01   2.267669e-01
4.358670000000000044e+00   1.414040e-01   2.279532e-01
4.363412000000000290e+00   1.360388e-01   2.294102e-01
4.368153999999999648e+00   1.738360e-01   2.304237e-01
4.372897000000000034e+00   7.565200e-02   2.311080e-01
4.377639000000000280e+00   1.303740e-01   2.318114e-01
4.382380999999999638e+00   1.429360e-01   2.333581e-01
4.387124000000000024e+00   2.578144e-01   2.344885e-01
4.391866000000000270e+00  -5.604880e-02   2.356453e-01
4.396607999999999628e+00   9.908720e-02   2.373626e-01
4.401351000000000013e+00   1.585300e-01   2.372457e-01
4.406093000000000259e+00   3.481696e-01   2.397614e-01
4.410834999999999617e+00   1.488780e-01   2.402850e-01
4.415576999999999863e+00   4.039000e-02   2.406293e-01
4.420320000000000249e+00  -4.534240e-01   2.407214e-01
4.425061999999999607e+00   1.250888e-01   2.422084e-01
4.429803999999999853e+00   4.483796e-01   2.431090e-01
4.434547000000000239e+00   3.072684e-01   2.439949e-01
4.439288999999999596e+00  -5.432480e-02   2.433480e-01
4.444030999999999842e+00  -1.970200e-02   2.435885e-01
4.448774000000000228e+00   3.579216e-01   2.434068e-01
4.453515999999999586e+00   4.028976e-01   2.443763e-01
4.458257999999999832e+00   3.871456e-01   2.450236e-01
4.463000000000000078e+00   3.328340e-01   2.445465e-01
4.467742999999999576e+00   1.133644e-01   2.458355e-01
4.472484999999999822e+00   6.738480e-02   2.470310e-01
4.477227000000000068e+00   4.613144e-01   2.492870e-01
4.481969999999999565e+00   4.790344e-01   2.507664e-01
4.486711999999999811e+00   1.401652e-01   2.511315e-01
4.491454000000000057e+00   1.998292e-01   2.522031e-01
4.496197000000000443e+00   2.195560e-02   2.530400e-01
4.500938999999999801e+00   1.091484e-01   2.545555e-01
4.505681000000000047e+00   2.348524e-01   2.569388e-01
4.510423000000000293e+00   4.943584e-01   2.582611e-01
4.515165999999999791e+00   4.599248e-01   2.587206e-01
4.519908000000000037e+00   4.369912e-01   2.611685e-01
4.524650000000000283e+00   1.264616e-01   2.611942e-01
4.529392999999999780e+00   2.118008e-01   2.633508e-01
4.534135000000000026e+00   2.587600e-01   2.649593e-01
4.538877000000000272e+00   2.350256e-01   2.670731e-01
4.543619999999999770e+00   2.711884e-01   2.682926e-01
4.548362000000000016e+00   3.915704e-01   2.693378e-01
4.553104000000000262e+00   4.159640e-01   2.723477e-01
4.557845999999999620e+00   1.587064e-01   2.740105e-01
4.562589000000000006e+00   3.131640e-02   2.740024e-01
4.567331000000000252e+00   8.194280e-02   2.764903e-01
4.572072999999999610e+00   4.491824e-01   2.784954e-01
4.576815999999999995e+00   1.855764e-01   2.794318e-01
4.581558000000000241e+00  -9.771960e-02   2.808076e-01
4.586299999999999599e+00  -6.152320e-02   2.827790e-01
4.591042999999999985e+00   2.352720e-01   2.857049e-01
4.595785000000000231e+00   1.859768e-01   2.868854e-01
4.600526999999999589e+00   2.922084e-01   2.880786e-01
4.605268999999999835e+00   2.921320e-01   2.918916e-01
4.610012000000000221e+00   3.099276e-01   2.941676e-01
4.614753999999999579e+00   2.316500e-01   2.975865e-01
4.619495999999999825e+00   3.340168e-01   2.973656e-01
4.624239000000000210e+00   5.086292e-01   2.994665e-01
4.628980999999999568e+00   5.046292e-01   3.044286e-01
4.633722999999999814e+00  -2.844160e-02   3.038937e-01
4.638466000000000200e+00   1.995428e-01   3.057684e-01
4.643207999999999558e+00   1.319056e-01   3.081429e-01
4.647949999999999804e+00   9.855600e-02   3.098910e-01
4.652692000000000050e+00   3.715760e-01   3.147926e-01
4.657435000000000436e+00   5.672788e-01   3.164927e-01
4.662176999999999794e+00   5.544320e-01   3.192616e-01
4.666919000000000040e+00  -2.557800e-02   3.200990e-01
4.671662000000000425e+00   1.535072e-01   3.208565e-01
4.676403999999999783e+00   9.151120e-01   3.277170e-01
4.681146000000000029e+00   5.512796e-01   3.297676e-01
4.685889000000000415e+00   8.261744e-01   3.313676e-01
4.690630999999999773e+00   9.846800e-02   3.302099e-01
4.695373000000000019e+00  -2.266136e-01   3.356632e-01
4.700115000000000265e+00   4.245912e-01   3.407446e-01
4.704857999999999763e+00   1.028312e-01   3.445147e-01
4.709600000000000009e+00  -1.161452e-01   3.451491e-01
4.714342000000000255e+00  -3.761736e-01   3.462002e-01
4.719084999999999752e+00   2.539724e-01   3.518757e-01
4.723826999999999998e+00  -2.262576e-01   3.530843e-01
4.728569000000000244e+00  -3.944124e-01   3.587435e-01
4.733311999999999742e+00   5.099968e-01   3.647295e-01
4.738053999999999988e+00   3.763220e-01   3.675226e-01
4.742796000000000234e+00   3.780200e-02   3.691960e-01
4.747537999999999592e+00   9.092960e-02   3.745101e-01
4.752280999999999977e+00   2.327732e-01   3.793035e-01
4.757023000000000224e+00   2.029416e-01   3.818254e-01
4.761764999999999581e+00   3.176600e-01   3.875859e-01
4.766507999999999967e+00   3.264016e-01   3.947484e-01
4.771250000000000213e+00  -2.164904e-01   3.972386e-01
4.775991999999999571e+00   5.341880e-02   4.006083e-01
4.780734999999999957e+00   9.709920e-02   4.079137e-01
4.785477000000000203e+00  -7.828968e-01   4.059331e-01
4.790218999999999561e+00  -3.975912e-01   4.147794e-01
4.794960999999999807e+00   4.212164e-01   4.211229e-01
4.799704000000000192e+00   5.690452e-01   4.276554e-01
4.804446000000000438e+00   3.358424e-01   4.332300e-01
4.809187999999999796e+00   7.576508e-01   4.400070e-01
4.813931000000000182e+00   6.282780e-01   4.490611e-01
4.818673000000000428e+00  -6.600600e-01   4.549741e-01
4.823414999999999786e+00   6.541400e-02   4.638091e-01
4.828158000000000172e+00  -1.451884e-01   4.678080e-01
4.832900000000000418e+00   1.994764e-01   4.779618e-01
4.837641999999999776e+00   1.092180e-01   4.840111e-01
4.842384000000000022e+00   8.932260e-01   4.948522e-01
4.847127000000000407e+00   2.736136e-01   5.001082e-01
4.851868999999999765e+00  -4.857228e-01   5.089072e-01
4.856611000000000011e+00   2.400352e-01   5.208352e-01
4.861354000000000397e+00  -2.662560e-01   5.303270e-01
4.866095999999999755e+00  -1.721740e-01   5.365735e-01
4.870838000000000001e+00   3.364380e-01   5.563241e-01
4.875581000000000387e+00   5.259112e-01   5.653207e-01
4.880322999999999745e+00   3.273120e-02   5.851651e-01
4.885064999999999991e+00   6.265944e-01   6.010289e-01
4.889807000000000237e+00   7.602748e-01   6.191727e-01
4.894549999999999734e+00  -4.290292e-01   6.312768e-01
4.899291999999999980e+00   4.357556e-01   6.552567e-01
4.904034000000000226e+00   5.042416e-01   6.788126e-01
4.908776999999999724e+00   8.995992e-01   7.005425e-01
4.913518999999999970e+00  -1.696088e-01   7.225091e-01
4.918261000000000216e+00  -2.741636e-01   7.508490e-01
4.923003999999999714e+00  -1.082782e+00   7.778272e-01
4.927745999999999960e+00  -1.443224e+00   8.156571e-01
4.932488000000000206e+00  -2.702568e-01   8.630880e-01
4.937229999999999563e+00   7.662328e-01   9.155146e-01
4.941972999999999949e+00   1.767908e+00   9.735376e-01
4.946715000000000195e+00   6.079628e-01   1.038294e+00
4.951457000000000441e+00   1.353226e+00   1.144991e+00
4.956199999999999939e+00  -1.145955e+00   1.237159e+00
4.960942000000000185e+00   6.439800e-02   1.432278e+00
4.965684000000000431e+00  -1.655152e-01   1.713499e+00
4.970426999999999929e+00  -1.613840e+00   2.184117e+00
4.975169000000000175e+00  -3.460554e+00   3.780116e+00