# [5]
# Sample c= 0.31 mg/ml
# Intensity scaled by concentration
# Buffer subtracted data file:
# Protein DatFile = /mntdirect/_data_visitor/mx1633/bm29/20150311/D5TVE/1d/D5TVE_SC_015_ave.dat
# Buffer DatFile = /mntdirect/_data_visitor/mx1633/bm29/20150311/D5TVE/ednaSub/D5TVE_SC_015_ave_averbuffer.dat
# 
# AutoRg: Rg   =   3.2592 +/- 0.94 ( 29.0%)
# AutoRg: I(0) =   35.84 +/- 0.5153
# AutoRg: Points   37 to 69 ( 33 total)
# AutoRg: Quality: 26.8%
# 
# 
# Sample Information:
# Storage Temperature (degrees C): 20.0
# Measurement Temperature (degrees C): 19.98
# Concentration: 0.31
# Code: 
3.369227000000000333e-02   1.114865e+02   3.121077e+01
3.843457000000000123e-02   1.510668e+02   1.616996e+01
4.317686999999999914e-02   1.416824e+02   1.082024e+01
4.791916999999999704e-02   1.156928e+02   8.353603e+00
5.266147000000000189e-02   8.951453e+01   6.813684e+00
5.740376999999999980e-02   8.547431e+01   5.711637e+00
6.214606999999999770e-02   7.556376e+01   4.874487e+00
6.688837000000000255e-02   6.809529e+01   4.153106e+00
7.163066999999999351e-02   6.573726e+01   3.661679e+00
7.637296999999999836e-02   6.062639e+01   3.271858e+00
8.111527000000000320e-02   5.697302e+01   2.965355e+00
8.585756999999999417e-02   5.414549e+01   2.682472e+00
9.059986999999999902e-02   5.340873e+01   2.471107e+00
9.534217000000000386e-02   5.234760e+01   2.313770e+00
1.000845000000000068e-01   5.177794e+01   2.168839e+00
1.048267999999999978e-01   4.885942e+01   2.045981e+00
1.095691000000000026e-01   4.441211e+01   1.939745e+00
1.143113999999999936e-01   4.399165e+01   1.836917e+00
1.190536999999999984e-01   4.384711e+01   1.759362e+00
1.237960000000000033e-01   4.494889e+01   1.689660e+00
1.285382999999999942e-01   4.404750e+01   1.629080e+00
1.332805999999999991e-01   3.861997e+01   1.562788e+00
1.380229000000000039e-01   4.108642e+01   1.522894e+00
1.427652000000000088e-01   3.931949e+01   1.472013e+00
1.475075000000000136e-01   3.857142e+01   1.431849e+00
1.522497999999999907e-01   3.622665e+01   1.391713e+00
1.569920999999999955e-01   3.840361e+01   1.365306e+00
1.617344000000000004e-01   3.715376e+01   1.327810e+00
1.664767000000000052e-01   3.655881e+01   1.298068e+00
1.712190000000000101e-01   3.392754e+01   1.265219e+00
1.759612999999999872e-01   3.369430e+01   1.239323e+00
1.807035999999999920e-01   3.372875e+01   1.215129e+00
1.854458999999999969e-01   3.477562e+01   1.196439e+00
1.901882000000000017e-01   3.393645e+01   1.174759e+00
1.949305000000000065e-01   3.415888e+01   1.153612e+00
1.996728000000000114e-01   3.348289e+01   1.134918e+00
2.044150999999999885e-01   3.169674e+01   1.110105e+00
2.091573999999999933e-01   3.096887e+01   1.090085e+00
2.138996999999999982e-01   3.137530e+01   1.079294e+00
2.186420000000000030e-01   3.035441e+01   1.064118e+00
2.233843000000000079e-01   2.958881e+01   1.043650e+00
2.281266000000000127e-01   2.888738e+01   1.030447e+00
2.328688999999999898e-01   2.995051e+01   1.019307e+00
2.376111999999999946e-01   2.935306e+01   1.006776e+00
2.423534999999999995e-01   3.015475e+01   9.985128e-01
2.470958000000000043e-01   3.043352e+01   9.824009e-01
2.518381000000000092e-01   2.850715e+01   9.680598e-01
2.565803999999999863e-01   2.819462e+01   9.588443e-01
2.613227000000000189e-01   2.725476e+01   9.441635e-01
2.660649999999999959e-01   2.669980e+01   9.309550e-01
2.708072999999999730e-01   2.656008e+01   9.229202e-01
2.755496000000000056e-01   2.711423e+01   9.182443e-01
2.802918999999999827e-01   2.654435e+01   9.060869e-01
2.850342000000000153e-01   2.649434e+01   8.973478e-01
2.897764999999999924e-01   2.719280e+01   8.911018e-01
2.945188000000000250e-01   2.560791e+01   8.908092e-01
2.992611000000000021e-01   2.639243e+01   9.005728e-01
3.040033999999999792e-01   2.592241e+01   9.024953e-01
3.087457000000000118e-01   2.625767e+01   9.023471e-01
3.134879999999999889e-01   2.420531e+01   8.985976e-01
3.182303000000000215e-01   2.451528e+01   9.005827e-01
3.229725999999999986e-01   2.468468e+01   8.962605e-01
3.277148999999999757e-01   2.441868e+01   8.914689e-01
3.324572000000000083e-01   2.473015e+01   8.928240e-01
3.371994999999999854e-01   2.333131e+01   8.857729e-01
3.419418000000000180e-01   2.431497e+01   8.857599e-01
3.466840999999999950e-01   2.375906e+01   8.804210e-01
3.514264000000000276e-01   2.402350e+01   8.792421e-01
3.561687000000000047e-01   2.304032e+01   8.777299e-01
3.609109999999999818e-01   2.111522e+01   8.923597e-01
3.656533000000000144e-01   2.152135e+01   9.072792e-01
3.703955999999999915e-01   2.253798e+01   9.170171e-01
3.751379000000000241e-01   2.271060e+01   9.256858e-01
3.798802000000000012e-01   2.250344e+01   9.259839e-01
3.846224999999999783e-01   2.257361e+01   9.325324e-01
3.893648000000000109e-01   2.215474e+01   9.359708e-01
3.941070999999999880e-01   2.184952e+01   9.374244e-01
3.988494000000000206e-01   1.945815e+01   9.361101e-01
4.035916999999999977e-01   2.018265e+01   9.419179e-01
4.083339999999999748e-01   2.101424e+01   9.476683e-01
4.130763000000000074e-01   2.065663e+01   9.413658e-01
4.178185999999999845e-01   1.923918e+01   9.426288e-01
4.225609000000000171e-01   1.887113e+01   9.429172e-01
4.273031999999999941e-01   1.891540e+01   9.441239e-01
4.320455000000000267e-01   1.800098e+01   9.397697e-01
4.367878000000000038e-01   1.974385e+01   9.511088e-01
4.415300999999999809e-01   1.917931e+01   9.511156e-01
4.462724000000000135e-01   1.833988e+01   9.505418e-01
4.510146999999999906e-01   1.907406e+01   9.781498e-01
4.557570000000000232e-01   1.795860e+01   9.996563e-01
4.604993000000000003e-01   1.945109e+01   1.022339e+00
4.652415999999999774e-01   1.758948e+01   1.036402e+00
4.699839000000000100e-01   1.881316e+01   1.051148e+00
4.747261999999999871e-01   1.817380e+01   1.058066e+00
4.794685000000000197e-01   1.879101e+01   1.071991e+00
4.842107999999999968e-01   1.639432e+01   1.076715e+00
4.889530999999999739e-01   1.627132e+01   1.084139e+00
4.936954000000000065e-01   1.719470e+01   1.091701e+00
4.984376999999999835e-01   1.648907e+01   1.104418e+00
5.031799999999999606e-01   1.823185e+01   1.120601e+00
5.079223000000000487e-01   1.622553e+01   1.124004e+00
5.126646000000000258e-01   1.632065e+01   1.122333e+00
5.174069000000000029e-01   1.686722e+01   1.079406e+00
5.221491999999999800e-01   1.686508e+01   1.050463e+00
5.268914999999999571e-01   1.631230e+01   1.033961e+00
5.316338000000000452e-01   1.507280e+01   1.022406e+00
5.363761000000000223e-01   1.362268e+01   1.008086e+00
5.411183999999999994e-01   1.287685e+01   9.987598e-01
5.458606999999999765e-01   1.485362e+01   9.890834e-01
5.506029999999999536e-01   1.510651e+01   9.905985e-01
5.553453000000000417e-01   1.374296e+01   9.836255e-01
5.600876000000000188e-01   1.435983e+01   9.768737e-01
5.648298999999999959e-01   1.453826e+01   9.729201e-01
5.695721999999999730e-01   1.471684e+01   9.664788e-01
5.743144999999999500e-01   1.379318e+01   9.595676e-01
5.790568000000000382e-01   1.314991e+01   9.530992e-01
5.837991000000000152e-01   1.347177e+01   9.441879e-01
5.885413999999999923e-01   1.462623e+01   9.352767e-01
5.932836999999999694e-01   1.373993e+01   9.283504e-01
5.980259999999999465e-01   1.291026e+01   9.258421e-01
6.027683000000000346e-01   1.040411e+01   9.111492e-01
6.075106000000000117e-01   1.155856e+01   9.050286e-01
6.122528999999999888e-01   1.162848e+01   9.006140e-01
6.169951999999999659e-01   1.111422e+01   8.973756e-01
6.217375000000000540e-01   1.260214e+01   8.911008e-01
6.264798000000000311e-01   1.057477e+01   8.861528e-01
6.312221000000000082e-01   1.236859e+01   8.849346e-01
6.359643999999999853e-01   1.273832e+01   8.793518e-01
6.407066999999999624e-01   1.157844e+01   8.767231e-01
6.454490000000000505e-01   1.113473e+01   8.740696e-01
6.501913000000000276e-01   1.109965e+01   8.742650e-01
6.549336000000000046e-01   1.079067e+01   8.680943e-01
6.596758999999999817e-01   1.163642e+01   8.681289e-01
6.644181999999999588e-01   1.115901e+01   8.634025e-01
6.691605000000000469e-01   9.872218e+00   8.603516e-01
6.739028000000000240e-01   1.039223e+01   8.601276e-01
6.786451000000000011e-01   8.740298e+00   8.552425e-01
6.833873999999999782e-01   9.063650e+00   8.546454e-01
6.881296999999999553e-01   8.231044e+00   8.531735e-01
6.928720000000000434e-01   9.519865e+00   8.504519e-01
6.976143000000000205e-01   9.226152e+00   8.468806e-01
7.023565999999999976e-01   1.038960e+01   8.441105e-01
7.070988999999999747e-01   1.039588e+01   8.438572e-01
7.118411999999999518e-01   9.503111e+00   8.394310e-01
7.165835000000000399e-01   8.926137e+00   8.359711e-01
7.213258000000000170e-01   8.848302e+00   8.316430e-01
7.260680999999999941e-01   9.178992e+00   8.313945e-01
7.308103999999999711e-01   9.520529e+00   8.304761e-01
7.355526999999999482e-01   8.659702e+00   8.277636e-01
7.402950000000000363e-01   7.468215e+00   8.244052e-01
7.450373000000000134e-01   7.917040e+00   8.215395e-01
7.497795999999999905e-01   8.724355e+00   8.211040e-01
7.545218999999999676e-01   8.465310e+00   8.212106e-01
7.592641999999999447e-01   7.588550e+00   8.178198e-01
7.640065000000000328e-01   6.935711e+00   8.121786e-01
7.687488000000000099e-01   7.177861e+00   8.122903e-01
7.734910999999999870e-01   8.036616e+00   8.128127e-01
7.782333999999999641e-01   5.574908e+00   8.072072e-01
7.829757000000000522e-01   6.065255e+00   8.052240e-01
7.877180000000000293e-01   7.607918e+00   8.045728e-01
7.924603000000000064e-01   7.037095e+00   8.002132e-01
7.972025999999999835e-01   7.554534e+00   7.999896e-01
8.019448999999999605e-01   6.952979e+00   7.969678e-01
8.066872000000000487e-01   7.382766e+00   7.969613e-01
8.114295000000000258e-01   6.770090e+00   7.936742e-01
8.161718000000000028e-01   6.046282e+00   7.892939e-01
8.209140999999999799e-01   6.551215e+00   7.896526e-01
8.256563999999999570e-01   7.232397e+00   7.887050e-01
8.303987000000000451e-01   5.773347e+00   7.851620e-01
8.351410000000000222e-01   6.058205e+00   7.838724e-01
8.398832999999999993e-01   5.696082e+00   7.829815e-01
8.446255999999999764e-01   6.221131e+00   7.815459e-01
8.493678999999999535e-01   5.797308e+00   7.796543e-01
8.541102000000000416e-01   6.045739e+00   7.800008e-01
8.588525000000000187e-01   5.069750e+00   7.765605e-01
8.635947999999999958e-01   5.367860e+00   7.740870e-01
8.683370999999999729e-01   6.553235e+00   7.728294e-01
8.730793999999999500e-01   5.915650e+00   7.715548e-01
8.778217000000000381e-01   6.244965e+00   7.694292e-01
8.825640000000000152e-01   5.863108e+00   7.687485e-01
8.873062999999999922e-01   4.376556e+00   7.677422e-01
8.920485999999999693e-01   4.790761e+00   7.634650e-01
8.967908999999999464e-01   5.422282e+00   7.628148e-01
9.015332000000000345e-01   5.305752e+00   7.603338e-01
9.062755000000000116e-01   4.740003e+00   7.566881e-01
9.110177999999999887e-01   4.591590e+00   7.569028e-01
9.157600999999999658e-01   4.570931e+00   7.559130e-01
9.205024000000000539e-01   5.362963e+00   7.549255e-01
9.252447000000000310e-01   4.023165e+00   7.525486e-01
9.299870000000000081e-01   4.941110e+00   7.511133e-01
9.347292999999999852e-01   4.637160e+00   7.485903e-01
9.394715999999999623e-01   3.912511e+00   7.441706e-01
9.442139000000000504e-01   3.997077e+00   7.437276e-01
9.489562000000000275e-01   3.498640e+00   7.411432e-01
9.536985000000000046e-01   4.185345e+00   7.408826e-01
9.584407999999999817e-01   3.869511e+00   7.405558e-01
9.631830999999999587e-01   4.074144e+00   7.385411e-01
9.679254000000000469e-01   4.926631e+00   7.392818e-01
9.726677000000000239e-01   4.262715e+00   7.352079e-01
9.774100000000000010e-01   3.975084e+00   7.365003e-01
9.821522999999999781e-01   4.147318e+00   7.325535e-01
9.868945999999999552e-01   3.837060e+00   7.307054e-01
9.916369000000000433e-01   4.310869e+00   7.313595e-01
9.963792000000000204e-01   3.170245e+00   7.277725e-01
1.001120999999999928e+00   3.406808e+00   7.278545e-01
1.005864000000000091e+00   2.883952e+00   7.260476e-01
1.010605999999999893e+00   2.186692e+00   7.219775e-01
1.015347999999999917e+00   3.971813e+00   7.239409e-01
1.020091000000000081e+00   4.177561e+00   7.248553e-01
1.024833000000000105e+00   3.985779e+00   7.204175e-01
1.029574999999999907e+00   3.619905e+00   7.184685e-01
1.034318000000000071e+00   2.819326e+00   7.162401e-01
1.039060000000000095e+00   2.474411e+00   7.157147e-01
1.043801999999999897e+00   2.728537e+00   7.141532e-01
1.048543999999999921e+00   2.298847e+00   7.104715e-01
1.053287000000000084e+00   2.863494e+00   7.128039e-01
1.058029000000000108e+00   2.599542e+00   7.139917e-01
1.062770999999999910e+00   2.288771e+00   7.086469e-01
1.067514000000000074e+00   2.755411e+00   7.078707e-01
1.072256000000000098e+00   2.286521e+00   7.095020e-01
1.076997999999999900e+00   2.551476e+00   7.051216e-01
1.081741000000000064e+00   3.204439e+00   7.045801e-01
1.086483000000000088e+00   2.720826e+00   7.031566e-01
1.091224999999999890e+00   3.227250e+00   7.025257e-01
1.095966999999999913e+00   2.757113e+00   6.992545e-01
1.100710000000000077e+00   2.421763e+00   6.998822e-01
1.105452000000000101e+00   3.083432e+00   6.993161e-01
1.110193999999999903e+00   2.674889e+00   6.974966e-01
1.114937000000000067e+00   3.094913e+00   6.963848e-01
1.119679000000000091e+00   2.448806e+00   6.943470e-01
1.124420999999999893e+00   2.984566e+00   6.922406e-01
1.129164000000000057e+00   1.742261e+00   6.893469e-01
1.133906000000000081e+00   2.150956e+00   6.876189e-01
1.138648000000000104e+00   2.635123e+00   6.875783e-01
1.143389999999999906e+00   1.151592e+00   6.865044e-01
1.148133000000000070e+00   2.276435e+00   6.861640e-01
1.152875000000000094e+00   1.997103e+00   6.865290e-01
1.157616999999999896e+00   1.996863e+00   6.875735e-01
1.162360000000000060e+00   2.043306e+00   6.847987e-01
1.167102000000000084e+00   2.040529e+00   6.818951e-01
1.171844000000000108e+00   1.267042e+00   6.800929e-01
1.176587000000000049e+00   9.853210e-01   6.784125e-01
1.181329000000000073e+00   1.836927e+00   6.788734e-01
1.186071000000000097e+00   2.131776e+00   6.789099e-01
1.190812999999999899e+00   2.704237e+00   6.785173e-01
1.195556000000000063e+00   2.330105e+00   6.770051e-01
1.200298000000000087e+00   2.362647e+00   6.752793e-01
1.205039999999999889e+00   3.022515e+00   6.745465e-01
1.209783000000000053e+00   1.739884e+00   6.728321e-01
1.214525000000000077e+00   1.122771e+00   6.735541e-01
1.219267000000000101e+00   1.717719e+00   6.718544e-01
1.224010000000000042e+00   1.904466e+00   6.683448e-01
1.228752000000000066e+00   1.749089e+00   6.682690e-01
1.233494000000000090e+00   1.885995e+00   6.678513e-01
1.238235999999999892e+00   2.351137e+00   6.663557e-01
1.242979000000000056e+00   1.427642e+00   6.638847e-01
1.247721000000000080e+00   2.202247e+00   6.641339e-01
1.252463000000000104e+00   1.237040e+00   6.643721e-01
1.257206000000000046e+00   1.735390e+00   6.814237e-01
1.261948000000000070e+00   2.513724e+00   6.982031e-01
1.266690000000000094e+00   1.771056e+00   7.090696e-01
1.271433000000000035e+00   2.205752e+00   7.180161e-01
1.276175000000000059e+00   2.166034e+00   7.274936e-01
1.280917000000000083e+00   2.070585e+00   7.353846e-01
1.285659000000000107e+00   1.857510e+00   7.404919e-01
1.290402000000000049e+00   2.665448e+00   7.484662e-01
1.295144000000000073e+00   1.231526e+00   7.509042e-01
1.299886000000000097e+00   1.826782e+00   7.580293e-01
1.304629000000000039e+00   1.622698e+00   7.625389e-01
1.309371000000000063e+00   1.398832e+00   7.668081e-01
1.314113000000000087e+00   2.107589e+00   7.689339e-01
1.318856000000000028e+00   1.472234e+00   7.672667e-01
1.323598000000000052e+00   1.115598e+00   7.393717e-01
1.328340000000000076e+00   9.942290e-01   7.219347e-01
1.333082000000000100e+00   8.594258e-01   7.070785e-01
1.337825000000000042e+00   5.417081e-01   6.963127e-01
1.342567000000000066e+00   5.648968e-01   6.904339e-01
1.347309000000000090e+00   1.128292e+00   6.864791e-01
1.352052000000000032e+00   1.146919e+00   6.789939e-01
1.356794000000000056e+00   2.273703e+00   6.763046e-01
1.361536000000000080e+00   2.280955e+00   6.727506e-01
1.366279000000000021e+00   1.991566e+00   6.664432e-01
1.371021000000000045e+00   2.270589e+00   6.655162e-01
1.375763000000000069e+00   1.549806e+00   6.620646e-01
1.380505000000000093e+00   1.456744e+00   6.587017e-01
1.385248000000000035e+00   1.750390e+00   6.582597e-01
1.389990000000000059e+00   5.668290e-01   6.548720e-01
1.394732000000000083e+00   1.781847e+00   6.554973e-01
1.399475000000000025e+00   1.530781e+00   6.534573e-01
1.404217000000000048e+00   1.212158e+00   6.523659e-01
1.408959000000000072e+00   7.667274e-01   6.513314e-01
1.413702000000000014e+00   3.293210e-01   6.470355e-01
1.418444000000000038e+00   1.064079e+00   6.489306e-01
1.423186000000000062e+00   1.137616e+00   6.475348e-01
1.427928000000000086e+00   1.664361e+00   6.445726e-01
1.432671000000000028e+00   1.773747e+00   6.446759e-01
1.437413000000000052e+00   1.775179e+00   6.450008e-01
1.442155000000000076e+00   1.899802e+00   6.424037e-01
1.446898000000000017e+00   1.691697e+00   6.415391e-01
1.451640000000000041e+00   9.185984e-01   6.392041e-01
1.456382000000000065e+00   8.225565e-01   6.376685e-01
1.461125000000000007e+00   7.353726e-01   6.361182e-01
1.465867000000000031e+00   6.512387e-01   6.354877e-01
1.470609000000000055e+00   9.749661e-01   6.348101e-01
1.475351000000000079e+00   4.837758e-01   6.330129e-01
1.480094000000000021e+00   1.089839e+00   6.326325e-01
1.484836000000000045e+00   1.233806e+00   6.332888e-01
1.489578000000000069e+00   1.423771e+00   6.319958e-01
1.494321000000000010e+00   3.897855e-01   6.377073e-01
1.499063000000000034e+00  -6.771129e-02   6.569853e-01
1.503805000000000058e+00   1.206092e+00   6.692714e-01
1.508548000000000000e+00   1.416387e+00   6.785167e-01
1.513290000000000024e+00   1.171368e+00   6.872704e-01
1.518032000000000048e+00   9.246355e-01   6.928543e-01
1.522774000000000072e+00   7.702403e-01   6.858324e-01
1.527517000000000014e+00   5.516839e-01   6.661208e-01
1.532259000000000038e+00   1.179260e+00   6.552798e-01
1.537001000000000062e+00   1.196918e+00   6.478633e-01
1.541744000000000003e+00   7.652065e-01   6.396818e-01
1.546486000000000027e+00   1.252152e+00   6.375037e-01
1.551228000000000051e+00   1.059956e+00   6.321498e-01
1.555970999999999993e+00   3.606177e-01   6.296776e-01
1.560713000000000017e+00   1.044898e+00   6.304766e-01
1.565455000000000041e+00   5.824758e-01   6.249615e-01
1.570197000000000065e+00   4.063661e-01   6.207485e-01
1.574940000000000007e+00   1.488184e+00   6.202651e-01
1.579682000000000031e+00   9.854339e-01   6.173200e-01
1.584424000000000055e+00   6.841823e-01   6.130560e-01
1.589166999999999996e+00   9.991194e-01   6.125521e-01
1.593909000000000020e+00   1.091663e+00   6.149456e-01
1.598651000000000044e+00   8.949629e-01   6.175969e-01
1.603393999999999986e+00   1.373253e+00   6.181944e-01
1.608136000000000010e+00  -9.568226e-02   6.158405e-01
1.612878000000000034e+00   3.604806e-01   6.144715e-01
1.617620000000000058e+00   1.701061e+00   6.160246e-01
1.622363000000000000e+00   4.950774e-01   6.139225e-01
1.627105000000000024e+00  -1.500048e-01   6.105769e-01
1.631847000000000047e+00   1.571450e+00   6.104433e-01
1.636589999999999989e+00   1.789739e+00   6.113123e-01
1.641332000000000013e+00   4.221516e-01   6.076839e-01
1.646074000000000037e+00   8.744274e-01   6.083741e-01
1.650816999999999979e+00   7.111935e-01   6.074564e-01
1.655559000000000003e+00   5.014484e-01   6.066928e-01
1.660301000000000027e+00   3.314258e-01   6.039125e-01
1.665043000000000051e+00   1.245081e-01   6.031964e-01
1.669785999999999992e+00   7.439484e-01   6.028010e-01
1.674528000000000016e+00   9.291129e-01   6.032467e-01
1.679270000000000040e+00   9.294000e-01   6.029936e-01
1.684012999999999982e+00   1.104077e+00   6.005605e-01
1.688755000000000006e+00   4.372855e-01   5.992383e-01
1.693497000000000030e+00   3.561774e-02   5.986896e-01
1.698239999999999972e+00   8.170419e-01   5.984544e-01
1.702981999999999996e+00   2.064937e+00   5.995764e-01
1.707724000000000020e+00   1.477635e+00   5.983769e-01
1.712466000000000044e+00  -1.961129e-01   5.951657e-01
1.717208999999999985e+00   5.041000e-01   5.936421e-01
1.721951000000000009e+00   1.965435e-01   5.941336e-01
1.726693000000000033e+00   4.941952e-01   5.934028e-01
1.731435999999999975e+00   2.411290e-01   5.919586e-01
1.736177999999999999e+00   9.397581e-01   5.915139e-01
1.740920000000000023e+00   4.208645e-01   5.908988e-01
1.745662999999999965e+00   4.609452e-01   5.898070e-01
1.750404999999999989e+00   2.755548e-01   5.894037e-01
1.755147000000000013e+00   1.005274e+00   5.886531e-01
1.759889000000000037e+00   3.242581e-01   5.887516e-01
1.764631999999999978e+00   3.132452e-01   5.867689e-01
1.769374000000000002e+00  -7.685484e-02   5.859966e-01
1.774116000000000026e+00   4.548661e-01   5.858036e-01
1.778858999999999968e+00   6.273532e-01   5.843291e-01
1.783600999999999992e+00   5.999887e-01   5.841363e-01
1.788343000000000016e+00   7.377871e-01   5.834827e-01
1.793085999999999958e+00   4.460306e-01   5.817529e-01
1.797827999999999982e+00  -4.962645e-01   5.810637e-01
1.802570000000000006e+00  -5.868823e-01   5.807457e-01
1.807312000000000030e+00   1.419645e-01   5.791763e-01
1.812054999999999971e+00   5.816048e-01   5.792954e-01
1.816796999999999995e+00   2.798661e-01   5.786416e-01
1.821539000000000019e+00  -8.630161e-02   5.789134e-01
1.826281999999999961e+00   1.833581e-01   5.778269e-01
1.831023999999999985e+00  -3.511081e-01   5.766633e-01
1.835766000000000009e+00  -6.995323e-02   5.753086e-01
1.840508999999999951e+00   9.887581e-02   5.746324e-01
1.845250999999999975e+00   5.448935e-01   5.743677e-01
1.849992999999999999e+00  -1.066371e-01   5.726068e-01
1.854735000000000023e+00  -2.841355e-01   5.721334e-01
1.859477999999999964e+00   3.731339e-01   5.726650e-01
1.864219999999999988e+00   9.844242e-01   5.724611e-01
1.868962000000000012e+00   2.906613e-01   5.717613e-01
1.873704999999999954e+00  -1.270839e-01   5.692103e-01
1.878446999999999978e+00   4.891323e-01   5.691146e-01
1.883189000000000002e+00   4.589435e-01   5.701972e-01
1.887931999999999944e+00   6.416516e-01   5.677032e-01
1.892673999999999968e+00   1.408042e+00   5.676990e-01
1.897415999999999991e+00   3.689452e-01   5.663917e-01
1.902158000000000015e+00  -1.105177e-01   5.650539e-01
1.906900999999999957e+00   2.803081e-01   5.642660e-01
1.911642999999999981e+00   4.017403e-01   5.647903e-01
1.916385000000000005e+00   4.794032e-01   5.644403e-01
1.921127999999999947e+00   6.033613e-01   5.641164e-01
1.925869999999999971e+00   2.918935e-01   5.624654e-01
1.930611999999999995e+00   4.874113e-01   5.622790e-01
1.935354999999999936e+00   5.311629e-01   5.625773e-01
1.940096999999999960e+00  -3.736419e-01   5.607498e-01
1.944838999999999984e+00   8.713452e-01   5.625061e-01
1.949581000000000008e+00   7.462532e-01   5.613966e-01
1.954323999999999950e+00   1.162631e+00   5.602705e-01
1.959065999999999974e+00   4.649903e-01   5.573664e-01
1.963807999999999998e+00   1.679177e-01   5.557094e-01
1.968550999999999940e+00  -2.666952e-01   5.539898e-01
1.973292999999999964e+00   3.401871e-01   5.538552e-01
1.978034999999999988e+00   8.534161e-01   5.531117e-01
1.982777999999999929e+00   1.276258e-01   5.517141e-01
1.987519999999999953e+00  -4.101113e-01   5.516038e-01
1.992261999999999977e+00   3.334194e-01   5.511949e-01
1.997004000000000001e+00   5.184903e-01   5.509381e-01
2.001746999999999943e+00   2.085565e-01   5.513919e-01
2.006489000000000189e+00  -4.020274e-01   5.494240e-01
2.011230999999999991e+00   3.639097e-01   5.506155e-01
2.015973999999999933e+00  -5.196387e-01   5.512340e-01
2.020716000000000179e+00   4.674484e-01   5.494472e-01
2.025457999999999981e+00   1.277742e-01   5.492242e-01
2.030200999999999922e+00  -8.322742e-02   5.487791e-01
2.034943000000000168e+00  -2.474855e-01   5.479480e-01
2.039684999999999970e+00   6.789468e-01   5.474349e-01
2.044427000000000216e+00   5.396952e-01   5.470268e-01
2.049170000000000158e+00   4.399177e-01   5.454816e-01
2.053911999999999960e+00   1.458952e-01   5.448593e-01
2.058654000000000206e+00  -2.263548e-01   5.456365e-01
2.063397000000000148e+00   2.735161e-01   5.601685e-01
2.068138999999999950e+00   2.107887e-01   5.715555e-01
2.072881000000000196e+00  -5.049419e-01   5.782859e-01
2.077624000000000137e+00   5.417097e-01   5.855004e-01
2.082365999999999939e+00   5.642984e-01   5.928639e-01
2.087108000000000185e+00  -1.620161e-02   5.968083e-01
2.091849999999999987e+00   9.026290e-02   6.009748e-01
2.096592999999999929e+00  -1.168516e-01   6.027815e-01
2.101335000000000175e+00   7.080032e-01   6.060032e-01
2.106076999999999977e+00   3.429484e-01   6.069038e-01
2.110819999999999919e+00   1.955113e-01   6.081777e-01
2.115562000000000165e+00   1.682179e+00   6.128028e-01
2.120303999999999967e+00   1.075695e+00   6.122955e-01
2.125046999999999908e+00   7.948113e-01   6.087666e-01
2.129789000000000154e+00   1.471871e-01   5.902161e-01
2.134530999999999956e+00   1.249419e-01   5.783001e-01
2.139273000000000202e+00   5.808242e-01   5.717498e-01
2.144016000000000144e+00   1.895790e-01   5.665403e-01
2.148757999999999946e+00  -2.290081e-01   5.609640e-01
2.153500000000000192e+00   1.228726e-01   5.563260e-01
2.158243000000000134e+00   3.710210e-01   5.533645e-01
2.162984999999999935e+00   1.166340e+00   5.526561e-01
2.167727000000000182e+00   2.377597e-01   5.501396e-01
2.172470000000000123e+00  -6.542581e-02   5.492218e-01
2.177211999999999925e+00   1.065097e-01   5.487922e-01
2.181954000000000171e+00   8.854581e-01   5.477594e-01
2.186695999999999973e+00   1.120355e+00   5.473256e-01
2.191438999999999915e+00   7.067629e-01   5.456788e-01
2.196181000000000161e+00   5.794516e-01   5.437140e-01
2.200922999999999963e+00  -2.910355e-01   5.426468e-01
2.205665999999999904e+00   4.438484e-01   5.426146e-01
2.210408000000000150e+00  -1.989065e-01   5.411750e-01
2.215149999999999952e+00   1.674548e-01   5.412894e-01
2.219892999999999894e+00   3.502871e-01   5.393499e-01
2.224635000000000140e+00   2.202823e-01   5.372150e-01
2.229376999999999942e+00   2.145613e-01   5.373270e-01
2.234119000000000188e+00  -4.847871e-01   5.358310e-01
2.238862000000000130e+00  -6.320161e-02   5.355883e-01
2.243603999999999932e+00   5.965403e-01   5.364656e-01
2.248346000000000178e+00   2.641935e-03   5.335463e-01
2.253089000000000119e+00   9.049758e-01   5.351182e-01
2.257830999999999921e+00   5.514129e-01   5.340147e-01
2.262573000000000167e+00   3.794065e-01   5.339971e-01
2.267316000000000109e+00  -2.295968e-01   5.311921e-01
2.272057999999999911e+00  -8.511452e-02   5.305990e-01
2.276800000000000157e+00   2.950887e-01   5.305929e-01
2.281541999999999959e+00   6.758806e-01   5.298306e-01
2.286284999999999901e+00  -2.699952e-01   5.283227e-01
2.291027000000000147e+00   4.148871e-02   5.290010e-01
2.295768999999999949e+00   1.557065e-01   5.279792e-01
2.300511999999999890e+00   5.697887e-01   5.275753e-01
2.305254000000000136e+00   2.003532e-01   5.262279e-01
2.309995999999999938e+00   5.164242e-01   5.258648e-01
2.314738999999999880e+00   4.375323e-01   5.248276e-01
2.319481000000000126e+00   9.119355e-02   5.251097e-01
2.324222999999999928e+00   4.670161e-02   5.242961e-01
2.328965000000000174e+00   2.101065e-01   5.238252e-01
2.333708000000000116e+00   4.424194e-03   5.228746e-01
2.338449999999999918e+00   6.063161e-01   5.235031e-01
2.343192000000000164e+00   5.527000e-01   5.214957e-01
2.347935000000000105e+00   7.140016e-01   5.214001e-01
2.352676999999999907e+00   8.368839e-01   5.214957e-01
2.357419000000000153e+00   2.866919e-01   5.192927e-01
2.362162000000000095e+00   4.980548e-01   5.201493e-01
2.366903999999999897e+00   2.133145e-01   5.193585e-01
2.371646000000000143e+00   7.983290e-01   5.184315e-01
2.376387999999999945e+00   9.805500e-01   5.189021e-01
2.381130999999999887e+00   5.934726e-01   5.182947e-01
2.385873000000000133e+00   9.930919e-01   5.181446e-01
2.390614999999999934e+00   6.956581e-01   5.169338e-01
2.395357999999999876e+00   1.021642e+00   5.165511e-01
2.400100000000000122e+00   5.185097e-01   5.153127e-01
2.404841999999999924e+00   3.341306e-01   5.152195e-01
2.409584999999999866e+00   9.524032e-01   5.151655e-01
2.414327000000000112e+00   1.336242e-01   5.138770e-01
2.419068999999999914e+00   5.028532e-01   5.136663e-01
2.423811000000000160e+00  -1.839742e-01   5.111368e-01
2.428554000000000102e+00  -3.089145e-01   5.110357e-01
2.433295999999999903e+00  -2.348387e-01   5.105068e-01
2.438038000000000149e+00  -4.491532e-01   5.107372e-01
2.442781000000000091e+00  -4.406452e-02   5.112975e-01
2.447522999999999893e+00   7.411677e-01   5.106701e-01
2.452265000000000139e+00  -4.542097e-02   5.090429e-01
2.457008000000000081e+00  -1.153410e+00   5.072555e-01
2.461749999999999883e+00   4.662065e-01   5.093141e-01
2.466492000000000129e+00   6.577581e-02   5.072376e-01
2.471233999999999931e+00  -4.132645e-01   5.065139e-01
2.475976999999999872e+00   5.466613e-01   5.067814e-01
2.480719000000000118e+00   6.623452e-01   5.065073e-01
2.485460999999999920e+00   5.884177e-01   5.059308e-01
2.490203999999999862e+00   8.460581e-01   5.053179e-01
2.494946000000000108e+00   6.018435e-01   5.056334e-01
2.499687999999999910e+00   3.216903e-01   5.049225e-01
2.504430999999999852e+00  -2.159935e-01   5.033453e-01
2.509173000000000098e+00   6.458726e-01   5.033918e-01
2.513914999999999900e+00   2.273919e-01   5.021841e-01
2.518657000000000146e+00   4.814226e-01   5.019087e-01
2.523400000000000087e+00   1.198968e-01   5.010025e-01
2.528141999999999889e+00   6.726613e-02   5.009806e-01
2.532884000000000135e+00   6.368597e-01   5.014340e-01
2.537627000000000077e+00   3.282500e-01   5.000322e-01
2.542368999999999879e+00   1.155097e-01   5.004796e-01
2.547111000000000125e+00   1.145032e-01   4.980995e-01
2.551854000000000067e+00   1.189011e+00   4.989092e-01
2.556595999999999869e+00  -2.682919e-01   4.964507e-01
2.561338000000000115e+00  -4.789194e-02   4.953531e-01
2.566079999999999917e+00   2.272613e-01   4.962087e-01
2.570822999999999858e+00   5.570355e-01   4.957924e-01
2.575565000000000104e+00   2.173161e-01   4.949054e-01
2.580306999999999906e+00   5.590581e-01   4.944535e-01
2.585049999999999848e+00   7.062161e-01   4.940588e-01
2.589792000000000094e+00   3.268290e-01   4.933745e-01
2.594533999999999896e+00   4.457242e-01   4.922036e-01
2.599276999999999838e+00   1.938500e-01   4.919611e-01
2.604019000000000084e+00   1.276710e-01   4.924061e-01
2.608760999999999886e+00   1.632645e-01   4.930675e-01
2.613503000000000132e+00  -3.563597e-01   4.930286e-01
2.618246000000000073e+00   6.557258e-02   4.920137e-01
2.622987999999999875e+00  -7.159581e-01   4.906433e-01
2.627730000000000121e+00  -5.771081e-01   4.897427e-01
2.632473000000000063e+00   4.708548e-01   4.912122e-01
2.637214999999999865e+00  -8.140000e-02   4.892039e-01
2.641957000000000111e+00   3.373387e-02   4.899811e-01
2.646700000000000053e+00   2.515774e-01   4.894465e-01
2.651441999999999855e+00   4.911839e-01   4.890705e-01
2.656184000000000101e+00  -9.187258e-02   4.879285e-01
2.660925999999999902e+00  -1.208258e-01   4.882751e-01
2.665668999999999844e+00   2.895032e-01   4.880655e-01
2.670411000000000090e+00   4.996274e-01   4.879400e-01
2.675152999999999892e+00   2.087242e-01   4.866871e-01
2.679895999999999834e+00  -3.117081e-01   4.862380e-01
2.684638000000000080e+00   3.830565e-01   4.871905e-01
2.689379999999999882e+00  -1.850000e-01   4.858576e-01
2.694122999999999823e+00   8.719145e-01   4.863870e-01
2.698865000000000069e+00   2.563677e-01   4.848664e-01
2.703606999999999871e+00   6.831839e-01   4.853342e-01
2.708349000000000117e+00   9.834919e-01   4.842371e-01
2.713092000000000059e+00  -1.819839e-01   4.821171e-01
2.717833999999999861e+00   3.759452e-01   4.834368e-01
2.722576000000000107e+00  -3.062726e-01   4.826341e-01
2.727319000000000049e+00   4.674774e-01   4.829586e-01
2.732060999999999851e+00   7.785968e-01   4.824782e-01
2.736803000000000097e+00   7.730806e-01   4.808078e-01
2.741546000000000038e+00   3.076323e-01   4.813543e-01
2.746287999999999840e+00  -5.550000e-02   4.803642e-01
2.751030000000000086e+00   5.791548e-01   4.806246e-01
2.755771999999999888e+00   3.025694e-01   4.803720e-01
2.760514999999999830e+00  -1.666935e-01   4.804076e-01
2.765257000000000076e+00  -4.557532e-01   4.790207e-01
2.769998999999999878e+00  -1.544323e-01   4.779082e-01
2.774741999999999820e+00  -3.458968e-01   4.774085e-01
2.779484000000000066e+00  -9.500645e-02   4.775346e-01
2.784225999999999868e+00   3.418629e-01   4.778280e-01
2.788968999999999809e+00   7.248919e-01   4.778174e-01
2.793711000000000055e+00  -2.596758e-01   4.768358e-01
2.798452999999999857e+00  -2.966613e-02   4.764536e-01
2.803195000000000103e+00  -1.416500e-01   4.755196e-01
2.807938000000000045e+00   1.254855e-01   4.755051e-01
2.812679999999999847e+00   3.633613e-01   4.746675e-01
2.817422000000000093e+00   5.331113e-01   4.741773e-01
2.822165000000000035e+00   3.628935e-01   4.746907e-01
2.826906999999999837e+00   7.265016e-01   4.737737e-01
2.831649000000000083e+00   4.736484e-01   4.730945e-01
2.836392000000000024e+00  -1.245113e-01   4.726147e-01
2.841133999999999826e+00   1.042189e+00   4.738580e-01
2.845876000000000072e+00   3.962629e-01   4.719271e-01
2.850617999999999874e+00  -1.387806e-01   4.708781e-01
2.855360999999999816e+00   4.997403e-01   4.717459e-01
2.860103000000000062e+00   3.119452e-01   4.716220e-01
2.864844999999999864e+00   3.238806e-01   4.732233e-01
2.869587999999999806e+00   1.528242e-01   4.856087e-01
2.874330000000000052e+00   1.173516e-01   4.929669e-01
2.879071999999999854e+00   6.724677e-02   4.990356e-01
2.883814999999999795e+00  -2.220000e-02   5.028649e-01
2.888557000000000041e+00   7.678048e-01   5.082827e-01
2.893298999999999843e+00   6.953484e-01   5.094531e-01
2.898041000000000089e+00   4.808194e-01   5.112108e-01
2.902784000000000031e+00   3.687565e-01   5.118452e-01
2.907525999999999833e+00  -4.193694e-01   5.133307e-01
2.912268000000000079e+00  -1.491274e-01   5.134110e-01
2.917011000000000021e+00  -2.845032e-01   5.151820e-01
2.921752999999999822e+00   5.958919e-01   5.164340e-01
2.926495000000000068e+00  -4.166726e-01   5.182348e-01
2.931238000000000010e+00  -7.722871e-01   5.131393e-01
2.935979999999999812e+00   5.138532e-01   5.000730e-01
2.940722000000000058e+00   2.035177e-01   4.913832e-01
2.945463999999999860e+00  -1.295532e-01   4.866857e-01
2.950206999999999802e+00   4.345016e-01   4.836256e-01
2.954949000000000048e+00   7.602403e-01   4.824932e-01
2.959690999999999850e+00   2.181371e-01   4.804439e-01
2.964433999999999791e+00   2.254355e-01   4.794349e-01
2.969176000000000037e+00   4.021032e-01   4.776686e-01
2.973917999999999839e+00   1.882290e-01   4.760715e-01
2.978660999999999781e+00   2.354613e-01   4.758172e-01
2.983403000000000027e+00  -3.238742e-01   4.738963e-01
2.988144999999999829e+00  -3.137419e-02   4.738886e-01
2.992887000000000075e+00  -3.653032e-01   4.727018e-01
2.997630000000000017e+00  -4.633113e-01   4.718741e-01
3.002371999999999819e+00   2.243306e-01   4.715861e-01
3.007114000000000065e+00   6.834871e-01   4.717073e-01
3.011857000000000006e+00   6.973613e-01   4.715775e-01
3.016598999999999808e+00  -5.482419e-02   4.693718e-01
3.021341000000000054e+00  -5.705806e-02   4.692928e-01
3.026083999999999996e+00  -9.791290e-02   4.686694e-01
3.030825999999999798e+00  -6.481694e-01   4.669041e-01
3.035568000000000044e+00   6.930968e-02   4.677994e-01
3.040309999999999846e+00  -6.383855e-01   4.656215e-01
3.045052999999999788e+00  -6.888806e-01   4.650926e-01
3.049795000000000034e+00  -8.891774e-02   4.664085e-01
3.054536999999999836e+00   1.861097e-01   4.657676e-01
3.059280000000000221e+00   3.923306e-01   4.659640e-01
3.064022000000000023e+00   6.473161e-01   4.660837e-01
3.068763999999999825e+00   5.565565e-01   4.652157e-01
3.073507000000000211e+00   1.075615e+00   4.640559e-01
3.078249000000000013e+00  -1.243500e-01   4.632288e-01
3.082990999999999815e+00   4.763871e-02   4.628286e-01
3.087733000000000061e+00   4.916048e-01   4.623134e-01
3.092476000000000003e+00   1.531871e-01   4.607574e-01
3.097217999999999805e+00   1.231129e-02   4.607050e-01
3.101960000000000051e+00  -1.962839e-01   4.611364e-01
3.106702999999999992e+00   3.298532e-01   4.604115e-01
3.111444999999999794e+00  -3.452419e-02   4.589811e-01
3.116187000000000040e+00   6.289145e-01   4.597598e-01
3.120929999999999982e+00   5.780629e-01   4.595461e-01
3.125671999999999784e+00   1.441032e-01   4.591452e-01
3.130414000000000030e+00   2.005500e-01   4.584095e-01
3.135155999999999832e+00   6.301774e-02   4.574846e-01
3.139899000000000218e+00   3.389306e-01   4.567780e-01
3.144641000000000020e+00   5.180000e-01   4.572224e-01
3.149382999999999821e+00  -2.684613e-01   4.571674e-01
3.154126000000000207e+00  -3.458581e-01   4.565979e-01
3.158868000000000009e+00   4.436742e-01   4.565891e-01
3.163609999999999811e+00   1.550145e-01   4.550104e-01
3.168353000000000197e+00   8.721242e-01   4.550263e-01
3.173094999999999999e+00   5.356919e-01   4.538796e-01
3.177836999999999801e+00  -1.188129e-01   4.547861e-01
3.182579000000000047e+00   1.404387e-01   4.539230e-01
3.187321999999999989e+00  -4.839226e-01   4.532087e-01
3.192063999999999790e+00  -1.393548e-03   4.527503e-01
3.196806000000000036e+00   7.169339e-01   4.536942e-01
3.201548999999999978e+00   2.765871e-01   4.531844e-01
3.206290999999999780e+00   6.838855e-01   4.515322e-01
3.211033000000000026e+00   5.054871e-01   4.519020e-01
3.215775999999999968e+00   2.596113e-01   4.516070e-01
3.220518000000000214e+00   7.235306e-01   4.518787e-01
3.225260000000000016e+00   8.235774e-01   4.515872e-01
3.230001999999999818e+00   1.029744e+00   4.509779e-01
3.234745000000000203e+00   4.713339e-01   4.495105e-01
3.239487000000000005e+00  -1.057742e-01   4.480841e-01
3.244228999999999807e+00   1.563935e-01   4.471019e-01
3.248972000000000193e+00   3.034823e-01   4.481344e-01
3.253713999999999995e+00   9.141968e-01   4.485594e-01
3.258455999999999797e+00  -4.297742e-02   4.469237e-01
3.263199000000000183e+00  -5.934968e-01   4.454289e-01
3.267940999999999985e+00  -2.940935e-01   4.460266e-01
3.272682999999999787e+00   5.914516e-02   4.452117e-01
3.277425000000000033e+00   5.229177e-01   4.447791e-01
3.282167999999999974e+00   6.177742e-02   4.446219e-01
3.286910000000000220e+00   5.913774e-01   4.449211e-01
3.291652000000000022e+00   1.316790e-01   4.441878e-01
3.296394999999999964e+00  -1.743597e-01   4.438916e-01
3.301137000000000210e+00   2.138000e-01   4.452995e-01
3.305879000000000012e+00   2.662661e-01   4.453644e-01
3.310621999999999954e+00   8.160532e-01   4.448612e-01
3.315364000000000200e+00   1.190565e-01   4.439304e-01
3.320106000000000002e+00  -1.053484e-01   4.428233e-01
3.324847999999999804e+00  -4.381774e-02   4.432569e-01
3.329591000000000189e+00  -1.505968e-02   4.434697e-01
3.334332999999999991e+00  -2.705871e-01   4.414785e-01
3.339074999999999793e+00   3.874500e-01   4.414505e-01
3.343818000000000179e+00   3.836645e-01   4.418661e-01
3.348559999999999981e+00   6.408113e-01   4.426043e-01
3.353301999999999783e+00   3.012839e-01   4.419192e-01
3.358045000000000169e+00  -1.481290e-02   4.410109e-01
3.362786999999999971e+00   7.522581e-02   4.410536e-01
3.367529000000000217e+00  -7.843065e-02   4.403427e-01
3.372271000000000019e+00   5.197290e-01   4.481754e-01
3.377013999999999960e+00   1.454500e-01   4.572000e-01
3.381756000000000206e+00   2.318032e-01   4.634183e-01
3.386498000000000008e+00  -6.881806e-01   4.654289e-01
3.391240999999999950e+00   5.922694e-01   4.677543e-01
3.395983000000000196e+00   2.575532e-01   4.694520e-01
3.400724999999999998e+00   4.431403e-01   4.692749e-01
3.405467999999999940e+00   1.395500e-01   4.694810e-01
3.410210000000000186e+00  -4.214516e-02   4.695446e-01
3.414951999999999988e+00   4.278710e-01   4.712677e-01
3.419693999999999789e+00   5.112952e-01   4.723154e-01
3.424437000000000175e+00   6.021919e-01   4.736607e-01
3.429178999999999977e+00   1.147677e-01   4.733768e-01
3.433920999999999779e+00   5.659258e-01   4.747612e-01
3.438664000000000165e+00   1.209403e-01   4.744893e-01
3.443405999999999967e+00   3.313887e-01   4.758564e-01
3.448148000000000213e+00   4.992500e-01   4.774439e-01
3.452891000000000155e+00   1.127694e-01   4.774084e-01
3.457632999999999956e+00   4.966548e-01   4.779142e-01
3.462375000000000203e+00  -2.269032e-02   4.785902e-01
3.467117000000000004e+00   6.250871e-01   4.800467e-01
3.471859999999999946e+00   2.175806e-01   4.796904e-01
3.476602000000000192e+00   4.884839e-01   4.811651e-01
3.481343999999999994e+00   8.800903e-01   4.822127e-01
3.486086999999999936e+00   6.780532e-01   4.827146e-01
3.490829000000000182e+00   1.122952e-01   4.828148e-01
3.495570999999999984e+00  -9.975645e-02   4.835186e-01
3.500313999999999925e+00   3.151339e-01   4.843296e-01
3.505056000000000171e+00   5.109468e-01   4.855964e-01
3.509797999999999973e+00   7.932484e-01   4.848769e-01
3.514540000000000219e+00   1.221532e-01   4.844567e-01
3.519283000000000161e+00   2.503290e-01   4.861764e-01
3.524024999999999963e+00   5.861726e-01   4.866881e-01
3.528767000000000209e+00   4.458274e-01   4.866995e-01
3.533510000000000151e+00   1.965726e-01   4.879567e-01
3.538251999999999953e+00   2.410290e-01   4.874353e-01
3.542994000000000199e+00  -3.572290e-01   4.871790e-01
3.547737000000000140e+00   4.738710e-02   4.886329e-01
3.552478999999999942e+00   8.281613e-02   4.893419e-01
3.557221000000000188e+00   7.123790e-01   4.899289e-01
3.561962999999999990e+00  -3.752629e-01   4.896816e-01
3.566705999999999932e+00  -3.327323e-01   4.892002e-01
3.571448000000000178e+00   7.402645e-01   4.911165e-01
3.576189999999999980e+00   6.718661e-01   4.923301e-01
3.580932999999999922e+00   5.357097e-02   4.920108e-01
3.585675000000000168e+00   3.495161e-03   4.911341e-01
3.590416999999999970e+00  -1.363677e-01   4.915234e-01
3.595159999999999911e+00  -6.868710e-02   4.932026e-01
3.599902000000000157e+00   3.907613e-01   4.925457e-01
3.604643999999999959e+00  -1.654581e-01   4.915422e-01
3.609386000000000205e+00   5.210839e-01   4.912082e-01
3.614129000000000147e+00   6.750290e-01   4.919712e-01
3.618870999999999949e+00   3.434371e-01   4.923328e-01
3.623613000000000195e+00   8.967065e-01   4.925821e-01
3.628356000000000137e+00   5.736226e-01   4.932069e-01
3.633097999999999939e+00   5.194694e-01   4.927273e-01
3.637840000000000185e+00   3.085161e-01   4.922294e-01
3.642583000000000126e+00   2.020274e-01   4.931966e-01
3.647324999999999928e+00  -4.830629e-01   4.924480e-01
3.652067000000000174e+00   4.918871e-02   4.928440e-01
3.656808999999999976e+00   9.743774e-01   4.944517e-01
3.661551999999999918e+00   8.913968e-01   4.951312e-01
3.666294000000000164e+00   2.291371e-01   4.960042e-01
3.671035999999999966e+00   1.114387e-01   5.057327e-01
3.675778999999999908e+00  -3.677710e-01   5.213917e-01
3.680521000000000154e+00   3.646258e-01   5.296313e-01
3.685262999999999955e+00   1.409806e-01   5.374183e-01
3.690005999999999897e+00   6.659677e-03   5.429498e-01
3.694748000000000143e+00   2.953177e-01   5.472990e-01
3.699489999999999945e+00  -2.183274e-01   5.508498e-01
3.704232000000000191e+00   1.047065e-01   5.534132e-01
3.708975000000000133e+00   3.698726e-01   5.566475e-01
3.713716999999999935e+00   5.158355e-01   5.584064e-01
3.718459000000000181e+00   2.280532e-01   5.608466e-01
3.723202000000000123e+00  -3.517258e-02   5.635042e-01
3.727943999999999924e+00  -5.257694e-01   5.656951e-01
3.732686000000000170e+00  -8.153806e-01   5.685805e-01
3.737429000000000112e+00  -4.148613e-01   5.721595e-01
3.742170999999999914e+00   8.543565e-01   5.767075e-01
3.746913000000000160e+00   6.645565e-01   5.793608e-01
3.751654999999999962e+00  -6.398774e-01   5.791856e-01
3.756397999999999904e+00  -4.973661e-01   5.817556e-01
3.761140000000000150e+00   7.279516e-02   5.864270e-01
3.765881999999999952e+00  -6.851435e-01   5.877878e-01
3.770624999999999893e+00  -8.023258e-01   5.891353e-01
3.775367000000000139e+00  -3.577710e-01   5.928505e-01
3.780108999999999941e+00  -3.499032e-02   5.947549e-01
3.784851999999999883e+00   6.077726e-01   5.979784e-01
3.789594000000000129e+00  -9.535645e-02   5.989683e-01
3.794335999999999931e+00  -3.553710e-02   6.010363e-01
3.799078000000000177e+00   6.055677e-01   6.046998e-01
3.803821000000000119e+00   4.351613e-02   6.073641e-01
3.808562999999999921e+00   4.012613e-01   6.098053e-01
3.813305000000000167e+00   4.443210e-01   6.126576e-01
3.818048000000000108e+00   5.526935e-01   6.145525e-01
3.822789999999999910e+00  -5.677903e-01   6.156263e-01
3.827532000000000156e+00   1.264371e-01   6.183877e-01
3.832275000000000098e+00  -1.848371e-01   6.199677e-01
3.837016999999999900e+00   3.957774e-01   6.242954e-01
3.841759000000000146e+00   5.791387e-01   6.263583e-01
3.846500999999999948e+00   4.707097e-02   6.274941e-01
3.851243999999999890e+00  -1.338468e-01   6.287963e-01
3.855986000000000136e+00   4.537194e-01   6.326231e-01
3.860727999999999938e+00   5.559952e-01   6.361476e-01
3.865470999999999879e+00   1.931613e-01   6.391768e-01
3.870213000000000125e+00  -1.425589e+00   6.380353e-01
3.874954999999999927e+00   5.332790e-01   6.404619e-01
3.879697999999999869e+00   5.822742e-02   6.436843e-01
3.884440000000000115e+00  -7.012694e-01   6.454002e-01
3.889181999999999917e+00  -4.186984e-01   6.475571e-01
3.893924000000000163e+00  -6.437097e-01   6.486783e-01
3.898667000000000105e+00   7.016597e-01   6.537552e-01
3.903408999999999907e+00   5.901645e-01   6.559513e-01
3.908151000000000153e+00   7.175306e-01   6.598049e-01
3.912894000000000094e+00   1.486171e+00   6.612355e-01
3.917635999999999896e+00   5.089984e-01   6.629076e-01
3.922378000000000142e+00   4.415355e-01   6.661516e-01
3.927121000000000084e+00  -1.495097e-01   6.685026e-01
3.931862999999999886e+00  -1.268887e-01   6.690331e-01
3.936605000000000132e+00   4.911968e-01   6.706197e-01
3.941346999999999934e+00   3.052710e-01   6.734518e-01
3.946089999999999876e+00  -2.051097e-01   6.766015e-01
3.950832000000000122e+00   9.700565e-01   6.811597e-01
3.955573999999999923e+00   3.460177e-01   6.804792e-01
3.960316999999999865e+00   9.900565e-01   6.822131e-01
3.965059000000000111e+00   6.921065e-01   6.798129e-01
3.969800999999999913e+00   3.865194e-01   6.779887e-01
3.974543999999999855e+00   2.511032e-01   6.779603e-01
3.979286000000000101e+00  -1.653113e-01   6.777598e-01
3.984027999999999903e+00   4.831742e-01   6.810911e-01
3.988770000000000149e+00   1.127090e+00   6.847096e-01
3.993513000000000090e+00   5.122355e-01   6.848035e-01
3.998254999999999892e+00   3.790387e-01   6.839283e-01
4.002996999999999694e+00   1.171119e+00   6.881812e-01
4.007740000000000080e+00   7.620661e-01   6.937328e-01
4.012482000000000326e+00  -5.861823e-01   6.944776e-01
4.017223999999999684e+00  -4.070129e-01   6.951203e-01
4.021967000000000070e+00   1.220579e+00   6.994351e-01
4.026709000000000316e+00   6.423274e-01   7.000036e-01
4.031450999999999674e+00   8.643081e-01   7.052977e-01
4.036192999999999920e+00   1.022032e-01   7.053727e-01
4.040936000000000305e+00   1.549016e-01   7.097404e-01
4.045677999999999663e+00   3.855855e-01   7.118271e-01
4.050419999999999909e+00  -1.057774e-01   7.115575e-01
4.055163000000000295e+00   6.547629e-01   7.156962e-01
4.059904999999999653e+00   4.411903e-01   7.176391e-01
4.064646999999999899e+00   6.343468e-01   7.201870e-01
4.069390000000000285e+00   1.005918e+00   7.240912e-01
4.074131999999999643e+00   4.707452e-01   7.279996e-01
4.078873999999999889e+00   8.500484e-02   7.278985e-01
4.083616000000000135e+00   9.176613e-01   7.314144e-01
4.088358999999999632e+00   3.389597e-01   7.332854e-01
4.093100999999999878e+00   4.935000e-01   7.372798e-01
4.097843000000000124e+00   1.067895e+00   7.407340e-01
4.102585999999999622e+00   4.336516e-01   7.431342e-01
4.107327999999999868e+00   3.267226e-01   7.449429e-01
4.112070000000000114e+00  -3.659032e-01   7.447219e-01
4.116812999999999612e+00  -1.907726e-01   7.467078e-01
4.121554999999999858e+00   2.818484e-01   7.505572e-01
4.126297000000000104e+00   9.120952e-01   7.556880e-01
4.131039000000000350e+00   4.368677e-01   7.581480e-01
4.135781999999999847e+00   6.198774e-01   7.604993e-01
4.140524000000000093e+00  -4.403871e-01   7.613965e-01
4.145266000000000339e+00   6.990726e-01   7.662394e-01
4.150008999999999837e+00   9.413613e-01   7.673659e-01
4.154751000000000083e+00   6.340806e-01   7.753382e-01
4.159493000000000329e+00   2.146055e+00   7.796600e-01
4.164235999999999827e+00   2.933387e-01   7.789615e-01
4.168978000000000073e+00   1.962935e-01   7.829529e-01
4.173720000000000319e+00   7.904355e-02   7.836546e-01
4.178461999999999676e+00   1.863292e+00   7.871998e-01
4.183205000000000062e+00   7.659548e-01   7.853567e-01
4.187947000000000308e+00   5.684597e-01   7.925589e-01
4.192688999999999666e+00  -2.333661e-01   7.950904e-01
4.197432000000000052e+00  -3.003855e-01   7.997640e-01
4.202174000000000298e+00  -8.849581e-01   7.991332e-01
4.206915999999999656e+00  -4.753903e-01   8.009184e-01
4.211659000000000042e+00   8.468629e-01   8.090465e-01
4.216401000000000288e+00   1.180768e+00   8.105555e-01
4.221142999999999645e+00   1.094727e+00   8.146871e-01
4.225884999999999891e+00   2.136339e-01   8.152337e-01
4.230628000000000277e+00   1.367684e+00   8.212683e-01
4.235369999999999635e+00   2.215519e+00   8.236469e-01
4.240111999999999881e+00   5.386371e-01   8.283060e-01
4.244855000000000267e+00   3.876032e-01   8.309646e-01
4.249596999999999625e+00  -1.290645e-01   8.336714e-01
4.254338999999999871e+00  -5.604548e-01   8.335423e-01
4.259082000000000257e+00  -4.736758e-01   8.390746e-01
4.263823999999999614e+00   8.425274e-01   8.460631e-01
4.268565999999999860e+00   7.053935e-01   8.507771e-01
4.273308000000000106e+00   2.894532e-01   8.472412e-01
4.278050999999999604e+00   8.819919e-01   8.535196e-01
4.282792999999999850e+00   4.532790e-01   8.583598e-01
4.287535000000000096e+00  -4.166935e-02   8.611039e-01
4.292277999999999594e+00   1.247032e+00   8.664074e-01
4.297019999999999840e+00   6.604387e-01   8.707113e-01
4.301762000000000086e+00  -2.569016e-01   8.729531e-01
4.306504999999999583e+00   5.806339e-01   8.760904e-01
4.311246999999999829e+00   2.246097e-01   8.802645e-01
4.315989000000000075e+00  -2.846903e-01   8.826651e-01
4.320731000000000321e+00  -1.799242e-01   8.860789e-01
4.325473999999999819e+00   1.401250e+00   8.926063e-01
4.330216000000000065e+00   9.401935e-01   8.959788e-01
4.334958000000000311e+00  -3.440806e-02   8.977223e-01
4.339700999999999809e+00  -2.922597e-01   8.979740e-01
4.344443000000000055e+00  -3.160323e-01   9.052151e-01
4.349185000000000301e+00   2.344710e-01   9.113680e-01
4.353927999999999798e+00  -5.970516e-01   9.169792e-01
4.358670000000000044e+00   7.878548e-02   9.200958e-01
4.363412000000000290e+00  -2.000323e-01   9.194889e-01
4.368153999999999648e+00  -8.353694e-01   9.256447e-01
4.372897000000000034e+00  -5.567661e-01   9.312543e-01
4.377639000000000280e+00  -2.385419e-01   9.378889e-01
4.382380999999999638e+00   7.399484e-01   9.419077e-01
4.387124000000000024e+00  -2.583629e-01   9.422797e-01
4.391866000000000270e+00  -1.348548e-02   9.513617e-01
4.396607999999999628e+00   2.578016e-01   9.595053e-01
4.401351000000000013e+00  -3.389516e-02   9.602285e-01
4.406093000000000259e+00  -7.109677e-03   9.644418e-01
4.410834999999999617e+00   2.516452e-01   9.700262e-01
4.415576999999999863e+00  -8.755484e-02   9.725179e-01
4.420320000000000249e+00   1.188311e+00   9.773494e-01
4.425061999999999607e+00   1.813194e+00   9.845509e-01
4.429803999999999853e+00  -5.218839e-01   9.790135e-01
4.434547000000000239e+00   1.445565e-01   9.792238e-01
4.439288999999999596e+00  -8.535435e-01   9.777941e-01
4.444030999999999842e+00  -3.231274e-01   9.807313e-01
4.448774000000000228e+00   9.148871e-02   9.849836e-01
4.453515999999999586e+00  -1.766952e-01   9.856861e-01
4.458257999999999832e+00  -4.136355e-01   9.879900e-01
4.463000000000000078e+00   6.413226e-02   9.927491e-01
4.467742999999999576e+00   5.369710e-01   9.953140e-01
4.472484999999999822e+00   4.865677e-01   9.979172e-01
4.477227000000000068e+00   3.039032e-01   9.988109e-01
4.481969999999999565e+00   3.100484e-01   1.007597e+00
4.486711999999999811e+00   5.772855e-01   1.012974e+00
4.491454000000000057e+00  -4.401790e-01   1.015768e+00
4.496197000000000443e+00   9.349452e-01   1.022760e+00
4.500938999999999801e+00   9.516290e-02   1.029346e+00
4.505681000000000047e+00  -8.486935e-02   1.036368e+00
4.510423000000000293e+00   1.454839e-02   1.040705e+00
4.515165999999999791e+00   4.419855e-01   1.047532e+00
4.519908000000000037e+00   1.164074e+00   1.051530e+00
4.524650000000000283e+00   2.326916e+00   1.057039e+00
4.529392999999999780e+00   6.126290e-02   1.057870e+00
4.534135000000000026e+00   1.105306e-01   1.067831e+00
4.538877000000000272e+00  -3.833629e-01   1.073142e+00
4.543619999999999770e+00   9.227032e-01   1.082367e+00
4.548362000000000016e+00  -7.517952e-01   1.085406e+00
4.553104000000000262e+00  -1.235161e-01   1.095542e+00
4.557845999999999620e+00  -4.276452e-01   1.097917e+00
4.562589000000000006e+00  -9.918710e-02   1.106709e+00
4.567331000000000252e+00   1.478326e+00   1.117319e+00
4.572072999999999610e+00   6.427339e-01   1.125107e+00
4.576815999999999995e+00  -6.537565e-01   1.125040e+00
4.581558000000000241e+00  -1.868803e+00   1.128841e+00
4.586299999999999599e+00  -3.562000e-01   1.141098e+00
4.591042999999999985e+00  -6.222435e-01   1.146928e+00
4.595785000000000231e+00   2.027306e-01   1.151695e+00
4.600526999999999589e+00   1.419661e-01   1.163708e+00
4.605268999999999835e+00   5.484468e-01   1.175033e+00
4.610012000000000221e+00   4.107677e-01   1.185594e+00
4.614753999999999579e+00   2.256274e-01   1.194344e+00
4.619495999999999825e+00  -1.962903e-01   1.196933e+00
4.624239000000000210e+00   9.235484e-02   1.205436e+00
4.628980999999999568e+00  -2.677452e-01   1.215563e+00
4.633722999999999814e+00   1.382547e+00   1.230239e+00
4.638466000000000200e+00   1.534290e+00   1.245928e+00
4.643207999999999558e+00   7.135210e-01   1.240303e+00
4.647949999999999804e+00   1.785177e-01   1.251534e+00
4.652692000000000050e+00   8.433226e-01   1.264488e+00
4.657435000000000436e+00  -7.108919e-01   1.271047e+00
4.662176999999999794e+00  -7.157403e-01   1.278656e+00
4.666919000000000040e+00  -1.859752e+00   1.284498e+00
4.671662000000000425e+00  -6.466016e-01   1.299582e+00
4.676403999999999783e+00  -3.456532e-01   1.310541e+00
4.681146000000000029e+00  -8.789032e-01   1.321103e+00
4.685889000000000415e+00   1.202765e+00   1.343947e+00
4.690630999999999773e+00  -5.283387e-01   1.348071e+00
4.695373000000000019e+00   5.346016e-01   1.359093e+00
4.700115000000000265e+00  -1.721458e+00   1.360124e+00
4.704857999999999763e+00  -2.169984e-01   1.383554e+00
4.709600000000000009e+00  -3.062048e-01   1.397959e+00
4.714342000000000255e+00   1.147081e+00   1.422277e+00
4.719084999999999752e+00   7.503274e-01   1.421354e+00
4.723826999999999998e+00  -2.146816e+00   1.431541e+00
4.728569000000000244e+00  -1.427152e+00   1.451674e+00
4.733311999999999742e+00   1.112419e-02   1.468199e+00
4.738053999999999988e+00   1.335265e+00   1.477784e+00
4.742796000000000234e+00   2.004500e+00   1.505727e+00
4.747537999999999592e+00   4.455274e-01   1.517169e+00
4.752280999999999977e+00   2.053505e+00   1.526055e+00
4.757023000000000224e+00   1.074535e+00   1.537275e+00
4.761764999999999581e+00  -1.437516e-01   1.558549e+00
4.766507999999999967e+00   4.360500e-01   1.577970e+00
4.771250000000000213e+00  -3.714435e-01   1.605369e+00
4.775991999999999571e+00  -1.704090e+00   1.610915e+00
4.780734999999999957e+00  -1.280139e+00   1.628151e+00
4.785477000000000203e+00  -1.887434e+00   1.654988e+00
4.790218999999999561e+00  -3.870355e-01   1.679433e+00
4.794960999999999807e+00   3.614032e-01   1.709063e+00
4.799704000000000192e+00   9.194710e-01   1.737266e+00
4.804446000000000438e+00  -1.903000e-01   1.751128e+00
4.809187999999999796e+00  -1.133845e+00   1.775862e+00
4.813931000000000182e+00  -9.181016e-01   1.806382e+00
4.818673000000000428e+00  -7.624306e-01   1.824130e+00
4.823414999999999786e+00  -1.336802e+00   1.842059e+00
4.828158000000000172e+00   6.157919e-01   1.886543e+00
4.832900000000000418e+00   1.156465e+00   1.916193e+00
4.837641999999999776e+00   2.771919e-01   1.947351e+00
4.842384000000000022e+00  -1.563645e-01   1.981152e+00
4.847127000000000407e+00   2.203710e-01   2.020451e+00
4.851868999999999765e+00   1.403056e+00   2.069424e+00
4.856611000000000011e+00   1.155385e+00   2.116885e+00
4.861354000000000397e+00   8.176903e-01   2.148712e+00
4.866095999999999755e+00  -4.274956e+00   2.166169e+00
4.870838000000000001e+00  -5.304968e-01   2.243043e+00
4.875581000000000387e+00   1.362945e+00   2.293287e+00
4.880322999999999745e+00  -2.735253e+00   2.321582e+00
4.885064999999999991e+00   1.302597e-01   2.411548e+00
4.889807000000000237e+00   7.623871e-01   2.500202e+00
4.894549999999999734e+00   1.225129e+00   2.564392e+00
4.899291999999999980e+00   1.729100e+00   2.625277e+00
4.904034000000000226e+00   3.768971e+00   2.730514e+00
4.908776999999999724e+00  -1.238226e-01   2.811153e+00
4.913518999999999970e+00   2.145124e+00   2.927086e+00
4.918261000000000216e+00   2.088053e+00   3.030519e+00
4.923003999999999714e+00   4.338144e+00   3.190352e+00
4.927745999999999960e+00   5.582990e+00   3.316833e+00
4.932488000000000206e+00  -4.118694e-01   3.464103e+00
4.937229999999999563e+00  -3.696513e+00   3.606139e+00
4.941972999999999949e+00   1.906956e+00   3.896543e+00
4.946715000000000195e+00  -1.176600e+00   4.199988e+00
4.951457000000000441e+00   1.081039e+00   4.606566e+00
4.956199999999999939e+00   4.321234e+00   5.088862e+00
4.960942000000000185e+00   1.034368e+01   5.843929e+00
4.965684000000000431e+00   1.333402e+01   7.181389e+00
4.970426999999999929e+00   1.171719e+01   9.279869e+00
4.975169000000000175e+00  -1.409239e+01   1.549312e+01