# [4]
# Sample c= 0.62 mg/ml
# Intensity scaled by concentration
# Buffer subtracted data file:
# Protein DatFile = /mntdirect/_data_visitor/mx1633/bm29/20150311/D5TVE/1d/D5TVE_SC_013_ave.dat
# Buffer DatFile = /mntdirect/_data_visitor/mx1633/bm29/20150311/D5TVE/ednaSub/D5TVE_SC_013_ave_averbuffer.dat
# 
# AutoRg: Rg   =   2.9938 +/- 0.69 ( 23.1%)
# AutoRg: I(0) =   35.10 +/- 0.2477
# AutoRg: Points   41 to 83 ( 43 total)
# AutoRg: Quality: 44.0%
# 
# 
# Sample Information:
# Storage Temperature (degrees C): 20.0
# Measurement Temperature (degrees C): 19.98
# Concentration: 0.62
# Code: 
3.369227000000000333e-02   6.690544e+01   1.566447e+01
3.843457000000000123e-02   1.188771e+02   8.159236e+00
4.317686999999999914e-02   1.211439e+02   5.492348e+00
4.791916999999999704e-02   1.024644e+02   4.261223e+00
5.266147000000000189e-02   8.204402e+01   3.473875e+00
5.740376999999999980e-02   6.875355e+01   2.922799e+00
6.214606999999999770e-02   6.345966e+01   2.506010e+00
6.688837000000000255e-02   5.913471e+01   2.139506e+00
7.163066999999999351e-02   5.574382e+01   1.890194e+00
7.637296999999999836e-02   5.405707e+01   1.704092e+00
8.111527000000000320e-02   5.100924e+01   1.553471e+00
8.585756999999999417e-02   4.900230e+01   1.408760e+00
9.059986999999999902e-02   4.790845e+01   1.303838e+00
9.534217000000000386e-02   4.653646e+01   1.222551e+00
1.000845000000000068e-01   4.480923e+01   1.150397e+00
1.048267999999999978e-01   4.211135e+01   1.084602e+00
1.095691000000000026e-01   4.103218e+01   1.030643e+00
1.143113999999999936e-01   4.133224e+01   9.835431e-01
1.190536999999999984e-01   4.068159e+01   9.446185e-01
1.237960000000000033e-01   3.966391e+01   9.063541e-01
1.285382999999999942e-01   3.900613e+01   8.722124e-01
1.332805999999999991e-01   3.856946e+01   8.486686e-01
1.380229000000000039e-01   3.755578e+01   8.209740e-01
1.427652000000000088e-01   3.790687e+01   7.965233e-01
1.475075000000000136e-01   3.702750e+01   7.764407e-01
1.522497999999999907e-01   3.576140e+01   7.547447e-01
1.569920999999999955e-01   3.530187e+01   7.353843e-01
1.617344000000000004e-01   3.591549e+01   7.208455e-01
1.664767000000000052e-01   3.472464e+01   7.025054e-01
1.712190000000000101e-01   3.491404e+01   6.883170e-01
1.759612999999999872e-01   3.429053e+01   6.739515e-01
1.807035999999999920e-01   3.397428e+01   6.612936e-01
1.854458999999999969e-01   3.334402e+01   6.485348e-01
1.901882000000000017e-01   3.255000e+01   6.350078e-01
1.949305000000000065e-01   3.295828e+01   6.264116e-01
1.996728000000000114e-01   3.271203e+01   6.163630e-01
2.044150999999999885e-01   3.175567e+01   6.035120e-01
2.091573999999999933e-01   3.163548e+01   5.949219e-01
2.138996999999999982e-01   3.188099e+01   5.886502e-01
2.186420000000000030e-01   3.108173e+01   5.802104e-01
2.233843000000000079e-01   3.033945e+01   5.692014e-01
2.281266000000000127e-01   2.996630e+01   5.618785e-01
2.328688999999999898e-01   2.982730e+01   5.528412e-01
2.376111999999999946e-01   2.852765e+01   5.449681e-01
2.423534999999999995e-01   2.880041e+01   5.385161e-01
2.470958000000000043e-01   2.946062e+01   5.326441e-01
2.518381000000000092e-01   2.969677e+01   5.274482e-01
2.565803999999999863e-01   2.881652e+01   5.205750e-01
2.613227000000000189e-01   2.951914e+01   5.158320e-01
2.660649999999999959e-01   2.865772e+01   5.081921e-01
2.708072999999999730e-01   2.774811e+01   5.015760e-01
2.755496000000000056e-01   2.721773e+01   4.958519e-01
2.802918999999999827e-01   2.799375e+01   4.923061e-01
2.850342000000000153e-01   2.765179e+01   4.876405e-01
2.897764999999999924e-01   2.837101e+01   4.837268e-01
2.945188000000000250e-01   2.732807e+01   4.848331e-01
2.992611000000000021e-01   2.666921e+01   4.891601e-01
3.040033999999999792e-01   2.708419e+01   4.908232e-01
3.087457000000000118e-01   2.656359e+01   4.895971e-01
3.134879999999999889e-01   2.611295e+01   4.881294e-01
3.182303000000000215e-01   2.571180e+01   4.877913e-01
3.229725999999999986e-01   2.538669e+01   4.848171e-01
3.277148999999999757e-01   2.498352e+01   4.814146e-01
3.324572000000000083e-01   2.530379e+01   4.815127e-01
3.371994999999999854e-01   2.518410e+01   4.797325e-01
3.419418000000000180e-01   2.435818e+01   4.765545e-01
3.466840999999999950e-01   2.387705e+01   4.736676e-01
3.514264000000000276e-01   2.417095e+01   4.731149e-01
3.561687000000000047e-01   2.411760e+01   4.726296e-01
3.609109999999999818e-01   2.380805e+01   4.827559e-01
3.656533000000000144e-01   2.311250e+01   4.891692e-01
3.703955999999999915e-01   2.317825e+01   4.935042e-01
3.751379000000000241e-01   2.366852e+01   4.968867e-01
3.798802000000000012e-01   2.282659e+01   4.976163e-01
3.846224999999999783e-01   2.276555e+01   4.994941e-01
3.893648000000000109e-01   2.212796e+01   5.005548e-01
3.941070999999999880e-01   2.227706e+01   5.038155e-01
3.988494000000000206e-01   2.167146e+01   5.038045e-01
4.035916999999999977e-01   2.141926e+01   5.034370e-01
4.083339999999999748e-01   2.157546e+01   5.063899e-01
4.130763000000000074e-01   2.141266e+01   5.052315e-01
4.178185999999999845e-01   2.053822e+01   5.056095e-01
4.225609000000000171e-01   2.071487e+01   5.061809e-01
4.273031999999999941e-01   2.105303e+01   5.083202e-01
4.320455000000000267e-01   2.032469e+01   5.056726e-01
4.367878000000000038e-01   1.946958e+01   5.054597e-01
4.415300999999999809e-01   1.940632e+01   5.066664e-01
4.462724000000000135e-01   2.033528e+01   5.099212e-01
4.510146999999999906e-01   1.944820e+01   5.217882e-01
4.557570000000000232e-01   1.875088e+01   5.339958e-01
4.604993000000000003e-01   1.924648e+01   5.436262e-01
4.652415999999999774e-01   1.931597e+01   5.528788e-01
4.699839000000000100e-01   1.887318e+01   5.572140e-01
4.747261999999999871e-01   1.918248e+01   5.638389e-01
4.794685000000000197e-01   1.843979e+01   5.674428e-01
4.842107999999999968e-01   1.875419e+01   5.743683e-01
4.889530999999999739e-01   1.737368e+01   5.771607e-01
4.936954000000000065e-01   1.779979e+01   5.814694e-01
4.984376999999999835e-01   1.788673e+01   5.865844e-01
5.031799999999999606e-01   1.805681e+01   5.918770e-01
5.079223000000000487e-01   1.742132e+01   5.942101e-01
5.126646000000000258e-01   1.627673e+01   5.916078e-01
5.174069000000000029e-01   1.670569e+01   5.697545e-01
5.221491999999999800e-01   1.739030e+01   5.559812e-01
5.268914999999999571e-01   1.648312e+01   5.471568e-01
5.316338000000000452e-01   1.587631e+01   5.400032e-01
5.363761000000000223e-01   1.537897e+01   5.340997e-01
5.411183999999999994e-01   1.627370e+01   5.317811e-01
5.458606999999999765e-01   1.618714e+01   5.261039e-01
5.506029999999999536e-01   1.445528e+01   5.198724e-01
5.553453000000000417e-01   1.451441e+01   5.159276e-01
5.600876000000000188e-01   1.445726e+01   5.123087e-01
5.648298999999999959e-01   1.443326e+01   5.096382e-01
5.695721999999999730e-01   1.479394e+01   5.097060e-01
5.743144999999999500e-01   1.476221e+01   5.061075e-01
5.790568000000000382e-01   1.421389e+01   4.999515e-01
5.837991000000000152e-01   1.436836e+01   4.963084e-01
5.885413999999999923e-01   1.360245e+01   4.889101e-01
5.932836999999999694e-01   1.344538e+01   4.851988e-01
5.980259999999999465e-01   1.362825e+01   4.845040e-01
6.027683000000000346e-01   1.358113e+01   4.810946e-01
6.075106000000000117e-01   1.270186e+01   4.745406e-01
6.122528999999999888e-01   1.286786e+01   4.716721e-01
6.169951999999999659e-01   1.280154e+01   4.695959e-01
6.217375000000000540e-01   1.265395e+01   4.643132e-01
6.264798000000000311e-01   1.180221e+01   4.612735e-01
6.312221000000000082e-01   1.201377e+01   4.591387e-01
6.359643999999999853e-01   1.215306e+01   4.582033e-01
6.407066999999999624e-01   1.200818e+01   4.586932e-01
6.454490000000000505e-01   1.193087e+01   4.576455e-01
6.501913000000000276e-01   1.151852e+01   4.533765e-01
6.549336000000000046e-01   1.177532e+01   4.532552e-01
6.596758999999999817e-01   1.141326e+01   4.511855e-01
6.644181999999999588e-01   1.149417e+01   4.500421e-01
6.691605000000000469e-01   1.138902e+01   4.489608e-01
6.739028000000000240e-01   1.039533e+01   4.468978e-01
6.786451000000000011e-01   1.050932e+01   4.462904e-01
6.833873999999999782e-01   1.098782e+01   4.455638e-01
6.881296999999999553e-01   1.023062e+01   4.435834e-01
6.928720000000000434e-01   9.626185e+00   4.401229e-01
6.976143000000000205e-01   9.508557e+00   4.379319e-01
7.023565999999999976e-01   1.061727e+01   4.388761e-01
7.070988999999999747e-01   1.071651e+01   4.374538e-01
7.118411999999999518e-01   1.053858e+01   4.366176e-01
7.165835000000000399e-01   9.603148e+00   4.342991e-01
7.213258000000000170e-01   8.914797e+00   4.309235e-01
7.260680999999999941e-01   9.400798e+00   4.286895e-01
7.308103999999999711e-01   9.012762e+00   4.273411e-01
7.355526999999999482e-01   8.885298e+00   4.281455e-01
7.402950000000000363e-01   8.734552e+00   4.256882e-01
7.450373000000000134e-01   8.871901e+00   4.259708e-01
7.497795999999999905e-01   9.014881e+00   4.256338e-01
7.545218999999999676e-01   9.222736e+00   4.246720e-01
7.592641999999999447e-01   8.836339e+00   4.227006e-01
7.640065000000000328e-01   8.316220e+00   4.201549e-01
7.687488000000000099e-01   7.933377e+00   4.189170e-01
7.734910999999999870e-01   7.789131e+00   4.176258e-01
7.782333999999999641e-01   7.354139e+00   4.163953e-01
7.829757000000000522e-01   7.996639e+00   4.167391e-01
7.877180000000000293e-01   7.676174e+00   4.129320e-01
7.924603000000000064e-01   7.575525e+00   4.121326e-01
7.972025999999999835e-01   7.549515e+00   4.108154e-01
8.019448999999999605e-01   7.347915e+00   4.110863e-01
8.066872000000000487e-01   7.337315e+00   4.101264e-01
8.114295000000000258e-01   6.760934e+00   4.066347e-01
8.161718000000000028e-01   7.236968e+00   4.068890e-01
8.209140999999999799e-01   7.625028e+00   4.067811e-01
8.256563999999999570e-01   6.925049e+00   4.045183e-01
8.303987000000000451e-01   6.200596e+00   4.035850e-01
8.351410000000000222e-01   6.364244e+00   4.027131e-01
8.398832999999999993e-01   6.895157e+00   4.018804e-01
8.446255999999999764e-01   6.842598e+00   4.008246e-01
8.493678999999999535e-01   6.172466e+00   3.987672e-01
8.541102000000000416e-01   5.952611e+00   3.975770e-01
8.588525000000000187e-01   6.040531e+00   3.976163e-01
8.635947999999999958e-01   6.318860e+00   3.977349e-01
8.683370999999999729e-01   6.095418e+00   3.947782e-01
8.730793999999999500e-01   6.043095e+00   3.943465e-01
8.778217000000000381e-01   5.137322e+00   3.918118e-01
8.825640000000000152e-01   5.965929e+00   3.924316e-01
8.873062999999999922e-01   5.210605e+00   3.913777e-01
8.920485999999999693e-01   5.564439e+00   3.902071e-01
8.967908999999999464e-01   5.437760e+00   3.884010e-01
9.015332000000000345e-01   4.851272e+00   3.867112e-01
9.062755000000000116e-01   5.200323e+00   3.860542e-01
9.110177999999999887e-01   5.066934e+00   3.852255e-01
9.157600999999999658e-01   5.057102e+00   3.852646e-01
9.205024000000000539e-01   5.090793e+00   3.838299e-01
9.252447000000000310e-01   4.420665e+00   3.832264e-01
9.299870000000000081e-01   4.619676e+00   3.822717e-01
9.347292999999999852e-01   4.911126e+00   3.811433e-01
9.394715999999999623e-01   4.410870e+00   3.798512e-01
9.442139000000000504e-01   4.240386e+00   3.788973e-01
9.489562000000000275e-01   4.423224e+00   3.774101e-01
9.536985000000000046e-01   4.787992e+00   3.786709e-01
9.584407999999999817e-01   4.254144e+00   3.759659e-01
9.631830999999999587e-01   4.054929e+00   3.744519e-01
9.679254000000000469e-01   4.432544e+00   3.744517e-01
9.726677000000000239e-01   4.456037e+00   3.739477e-01
9.774100000000000010e-01   4.098327e+00   3.740951e-01
9.821522999999999781e-01   3.969372e+00   3.721511e-01
9.868945999999999552e-01   4.133480e+00   3.712557e-01
9.916369000000000433e-01   3.909649e+00   3.700026e-01
9.963792000000000204e-01   4.250850e+00   3.702316e-01
1.001120999999999928e+00   3.590654e+00   3.691514e-01
1.005864000000000091e+00   3.182115e+00   3.673948e-01
1.010605999999999893e+00   3.666578e+00   3.681105e-01
1.015347999999999917e+00   3.413478e+00   3.662104e-01
1.020091000000000081e+00   3.384861e+00   3.665367e-01
1.024833000000000105e+00   3.049114e+00   3.639110e-01
1.029574999999999907e+00   3.442684e+00   3.639930e-01
1.034318000000000071e+00   3.536488e+00   3.639108e-01
1.039060000000000095e+00   3.811321e+00   3.638665e-01
1.043801999999999897e+00   3.691276e+00   3.632427e-01
1.048543999999999921e+00   3.685784e+00   3.609940e-01
1.053287000000000084e+00   3.775206e+00   3.613839e-01
1.058029000000000108e+00   3.194113e+00   3.604065e-01
1.062770999999999910e+00   3.288311e+00   3.607460e-01
1.067514000000000074e+00   3.599665e+00   3.592869e-01
1.072256000000000098e+00   3.195780e+00   3.584584e-01
1.076997999999999900e+00   2.986545e+00   3.567628e-01
1.081741000000000064e+00   3.014302e+00   3.558529e-01
1.086483000000000088e+00   2.882208e+00   3.541764e-01
1.091224999999999890e+00   2.741309e+00   3.541874e-01
1.095966999999999913e+00   3.069379e+00   3.539773e-01
1.100710000000000077e+00   2.765752e+00   3.529165e-01
1.105452000000000101e+00   2.694630e+00   3.526384e-01
1.110193999999999903e+00   2.420487e+00   3.514740e-01
1.114937000000000067e+00   3.135716e+00   3.511439e-01
1.119679000000000091e+00   2.663822e+00   3.503203e-01
1.124420999999999893e+00   2.373940e+00   3.499011e-01
1.129164000000000057e+00   2.353860e+00   3.497835e-01
1.133906000000000081e+00   2.399895e+00   3.486866e-01
1.138648000000000104e+00   2.953234e+00   3.480666e-01
1.143389999999999906e+00   2.727662e+00   3.484743e-01
1.148133000000000070e+00   2.388060e+00   3.458390e-01
1.152875000000000094e+00   2.037495e+00   3.458039e-01
1.157616999999999896e+00   2.039135e+00   3.455480e-01
1.162360000000000060e+00   2.411257e+00   3.461787e-01
1.167102000000000084e+00   2.277612e+00   3.441375e-01
1.171844000000000108e+00   2.384731e+00   3.434005e-01
1.176587000000000049e+00   1.784624e+00   3.422331e-01
1.181329000000000073e+00   2.182809e+00   3.429939e-01
1.186071000000000097e+00   1.610056e+00   3.400688e-01
1.190812999999999899e+00   2.045647e+00   3.410704e-01
1.195556000000000063e+00   2.127403e+00   3.405505e-01
1.200298000000000087e+00   2.110829e+00   3.389913e-01
1.205039999999999889e+00   1.847669e+00   3.388386e-01
1.209783000000000053e+00   1.983409e+00   3.387450e-01
1.214525000000000077e+00   1.778396e+00   3.384298e-01
1.219267000000000101e+00   2.047712e+00   3.380192e-01
1.224010000000000042e+00   1.963565e+00   3.362557e-01
1.228752000000000066e+00   1.119569e+00   3.351410e-01
1.233494000000000090e+00   1.355259e+00   3.352340e-01
1.238235999999999892e+00   1.952110e+00   3.352582e-01
1.242979000000000056e+00   1.611094e+00   3.346262e-01
1.247721000000000080e+00   1.488126e+00   3.336419e-01
1.252463000000000104e+00   1.559872e+00   3.332075e-01
1.257206000000000046e+00   1.629500e+00   3.418010e-01
1.261948000000000070e+00   2.031768e+00   3.507695e-01
1.266690000000000094e+00   1.899841e+00   3.562016e-01
1.271433000000000035e+00   1.879281e+00   3.614451e-01
1.276175000000000059e+00   2.155405e+00   3.660122e-01
1.280917000000000083e+00   1.884426e+00   3.698012e-01
1.285659000000000107e+00   1.216003e+00   3.713942e-01
1.290402000000000049e+00   1.490495e+00   3.745883e-01
1.295144000000000073e+00   1.806074e+00   3.784007e-01
1.299886000000000097e+00   1.320903e+00   3.797792e-01
1.304629000000000039e+00   1.984626e+00   3.840759e-01
1.309371000000000063e+00   1.992974e+00   3.850864e-01
1.314113000000000087e+00   1.643234e+00   3.867215e-01
1.318856000000000028e+00   1.161510e+00   3.850949e-01
1.323598000000000052e+00   1.252157e+00   3.716542e-01
1.328340000000000076e+00   1.432115e+00   3.625984e-01
1.333082000000000100e+00   1.053341e+00   3.556065e-01
1.337825000000000042e+00   1.204125e+00   3.509621e-01
1.342567000000000066e+00   1.250822e+00   3.477861e-01
1.347309000000000090e+00   1.662223e+00   3.456034e-01
1.352052000000000032e+00   1.575272e+00   3.422191e-01
1.356794000000000056e+00   1.661111e+00   3.386777e-01
1.361536000000000080e+00   1.258548e+00   3.363798e-01
1.366279000000000021e+00   1.609914e+00   3.351352e-01
1.371021000000000045e+00   1.111508e+00   3.328834e-01
1.375763000000000069e+00   9.522806e-01   3.313837e-01
1.380505000000000093e+00   1.166866e+00   3.311597e-01
1.385248000000000035e+00   1.284315e+00   3.311335e-01
1.389990000000000059e+00   1.586853e+00   3.310835e-01
1.394732000000000083e+00   1.427223e+00   3.292685e-01
1.399475000000000025e+00   1.612502e+00   3.284280e-01
1.404217000000000048e+00   1.206110e+00   3.271472e-01
1.408959000000000072e+00   1.074234e+00   3.266044e-01
1.413702000000000014e+00   8.132282e-01   3.255382e-01
1.418444000000000038e+00   9.521871e-01   3.250487e-01
1.423186000000000062e+00   7.943532e-01   3.242210e-01
1.427928000000000086e+00   1.040021e+00   3.235253e-01
1.432671000000000028e+00   9.947306e-01   3.222141e-01
1.437413000000000052e+00   9.185540e-01   3.224105e-01
1.442155000000000076e+00   1.209236e+00   3.218413e-01
1.446898000000000017e+00   7.978347e-01   3.207161e-01
1.451640000000000041e+00   1.460832e+00   3.212683e-01
1.456382000000000065e+00   1.164126e+00   3.204088e-01
1.461125000000000007e+00   1.081757e+00   3.196256e-01
1.465867000000000031e+00   1.315380e+00   3.195485e-01
1.470609000000000055e+00   1.626646e+00   3.193390e-01
1.475351000000000079e+00   1.124590e+00   3.183315e-01
1.480094000000000021e+00   1.051731e+00   3.175247e-01
1.484836000000000045e+00   1.585150e+00   3.186993e-01
1.489578000000000069e+00   1.148244e+00   3.171124e-01
1.494321000000000010e+00   8.799790e-01   3.201700e-01
1.499063000000000034e+00   6.683879e-01   3.295157e-01
1.503805000000000058e+00   9.095790e-01   3.352381e-01
1.508548000000000000e+00   6.448056e-01   3.397537e-01
1.513290000000000024e+00   6.629024e-01   3.449179e-01
1.518032000000000048e+00   4.841879e-01   3.462741e-01
1.522774000000000072e+00   1.054637e+00   3.439175e-01
1.527517000000000014e+00   8.028573e-01   3.339608e-01
1.532259000000000038e+00   9.355669e-01   3.286958e-01
1.537001000000000062e+00   8.336742e-01   3.240909e-01
1.541744000000000003e+00   1.079555e+00   3.217374e-01
1.546486000000000027e+00   7.050250e-01   3.192707e-01
1.551228000000000051e+00   5.176556e-01   3.168288e-01
1.555970999999999993e+00   6.445242e-01   3.161311e-01
1.560713000000000017e+00   4.924444e-01   3.143079e-01
1.565455000000000041e+00   9.159097e-01   3.132727e-01
1.570197000000000065e+00   8.781532e-01   3.122351e-01
1.574940000000000007e+00   5.712306e-01   3.095466e-01
1.579682000000000031e+00   5.693290e-01   3.083793e-01
1.584424000000000055e+00   1.211579e+00   3.082158e-01
1.589166999999999996e+00   1.245820e+00   3.080607e-01
1.593909000000000020e+00   7.866411e-01   3.077566e-01
1.598651000000000044e+00   8.631387e-01   3.097516e-01
1.603393999999999986e+00   5.690056e-01   3.084818e-01
1.608136000000000010e+00   1.057090e+00   3.096533e-01
1.612878000000000034e+00   5.353387e-01   3.079631e-01
1.617620000000000058e+00   7.307097e-01   3.076796e-01
1.622363000000000000e+00   6.704871e-01   3.073559e-01
1.627105000000000024e+00   6.287355e-01   3.068932e-01
1.631847000000000047e+00   1.028069e+00   3.058858e-01
1.636589999999999989e+00   8.557919e-01   3.061023e-01
1.641332000000000013e+00   7.632742e-01   3.050908e-01
1.646074000000000037e+00   8.547202e-01   3.042384e-01
1.650816999999999979e+00   8.093968e-01   3.046955e-01
1.655559000000000003e+00   3.790879e-01   3.033044e-01
1.660301000000000027e+00   8.148919e-01   3.034382e-01
1.665043000000000051e+00   7.957105e-01   3.031470e-01
1.669785999999999992e+00   7.518573e-01   3.021862e-01
1.674528000000000016e+00   8.566202e-01   3.023374e-01
1.679270000000000040e+00   4.764524e-01   3.015487e-01
1.684012999999999982e+00   2.853653e-01   3.003939e-01
1.688755000000000006e+00   7.408250e-01   3.011207e-01
1.693497000000000030e+00   5.382363e-01   3.002427e-01
1.698239999999999972e+00   2.922202e-01   2.990959e-01
1.702981999999999996e+00   4.669492e-01   2.988585e-01
1.707724000000000020e+00   3.885742e-01   2.979534e-01
1.712466000000000044e+00   4.634927e-01   2.981210e-01
1.717208999999999985e+00   4.736379e-01   2.978391e-01
1.721951000000000009e+00  -1.003661e-01   2.971094e-01
1.726693000000000033e+00   3.095621e-01   2.970041e-01
1.731435999999999975e+00   4.431363e-01   2.962271e-01
1.736177999999999999e+00   5.298645e-01   2.952893e-01
1.740920000000000023e+00   2.482008e-01   2.956360e-01
1.745662999999999965e+00   7.642194e-01   2.962691e-01
1.750404999999999989e+00   3.392645e-01   2.958966e-01
1.755147000000000013e+00   6.407605e-01   2.955039e-01
1.759889000000000037e+00   1.746710e-01   2.943536e-01
1.764631999999999978e+00   5.505613e-01   2.940146e-01
1.769374000000000002e+00   4.925161e-01   2.936040e-01
1.774116000000000026e+00   2.779210e-01   2.926957e-01
1.778858999999999968e+00   7.526419e-01   2.925176e-01
1.783600999999999992e+00   6.493702e-01   2.926910e-01
1.788343000000000016e+00   7.049452e-01   2.922133e-01
1.793085999999999958e+00   8.976710e-01   2.921015e-01
1.797827999999999982e+00   1.172024e-01   2.908964e-01
1.802570000000000006e+00   1.777823e-01   2.908838e-01
1.807312000000000030e+00   5.496468e-01   2.896507e-01
1.812054999999999971e+00   8.515444e-01   2.909293e-01
1.816796999999999995e+00   9.538395e-01   2.901787e-01
1.821539000000000019e+00   6.521532e-02   2.889054e-01
1.826281999999999961e+00   5.152339e-02   2.889674e-01
1.831023999999999985e+00   1.227597e-01   2.887155e-01
1.835766000000000009e+00   3.048339e-01   2.880148e-01
1.840508999999999951e+00   5.481710e-01   2.876463e-01
1.845250999999999975e+00   1.791161e-01   2.875734e-01
1.849992999999999999e+00   1.820524e-01   2.870242e-01
1.854735000000000023e+00   4.774742e-01   2.870796e-01
1.859477999999999964e+00   5.386145e-01   2.864095e-01
1.864219999999999988e+00   5.043621e-01   2.864355e-01
1.868962000000000012e+00   2.072935e-01   2.858980e-01
1.873704999999999954e+00  -1.558952e-02   2.843059e-01
1.878446999999999978e+00   5.683008e-01   2.846662e-01
1.883189000000000002e+00   2.641742e-01   2.842740e-01
1.887931999999999944e+00   5.201581e-01   2.845096e-01
1.892673999999999968e+00   7.603702e-01   2.842730e-01
1.897415999999999991e+00   7.724306e-01   2.838187e-01
1.902158000000000015e+00   4.371637e-01   2.833542e-01
1.906900999999999957e+00   3.385508e-01   2.828939e-01
1.911642999999999981e+00   4.221056e-01   2.830271e-01
1.916385000000000005e+00   5.579710e-01   2.829115e-01
1.921127999999999947e+00  -7.479113e-02   2.817721e-01
1.925869999999999971e+00   2.087968e-01   2.810779e-01
1.930611999999999995e+00   2.321516e-01   2.811753e-01
1.935354999999999936e+00   4.575669e-01   2.807975e-01
1.940096999999999960e+00   3.831839e-01   2.809544e-01
1.944838999999999984e+00   1.395468e-01   2.799192e-01
1.949581000000000008e+00   8.385323e-02   2.794241e-01
1.954323999999999950e+00   5.786145e-01   2.795163e-01
1.959065999999999974e+00   2.175105e-01   2.781320e-01
1.963807999999999998e+00   4.128065e-01   2.780426e-01
1.968550999999999940e+00   4.826250e-01   2.777974e-01
1.973292999999999964e+00   5.618048e-01   2.771544e-01
1.978034999999999988e+00   4.711363e-01   2.766596e-01
1.982777999999999929e+00   5.140839e-01   2.764890e-01
1.987519999999999953e+00   3.182016e-02   2.755143e-01
1.992261999999999977e+00   7.440323e-03   2.749371e-01
1.997004000000000001e+00   4.001548e-01   2.747268e-01
2.001746999999999943e+00   5.374919e-01   2.752998e-01
2.006489000000000189e+00   5.311823e-01   2.758753e-01
2.011230999999999991e+00   6.845669e-01   2.756017e-01
2.015973999999999933e+00   1.694782e-01   2.753390e-01
2.020716000000000179e+00   4.252992e-01   2.754221e-01
2.025457999999999981e+00   4.408169e-01   2.752272e-01
2.030200999999999922e+00   1.845065e-01   2.751406e-01
2.034943000000000168e+00   2.865177e-01   2.741661e-01
2.039684999999999970e+00   2.230323e-01   2.733587e-01
2.044427000000000216e+00   3.520782e-01   2.734205e-01
2.049170000000000158e+00   1.134935e-01   2.729329e-01
2.053911999999999960e+00   3.654911e-01   2.728722e-01
2.058654000000000206e+00   2.471000e-01   2.733189e-01
2.063397000000000148e+00   4.085726e-02   2.796547e-01
2.068138999999999950e+00  -1.011129e-02   2.861326e-01
2.072881000000000196e+00   2.428847e-01   2.903506e-01
2.077624000000000137e+00   3.795540e-01   2.935024e-01
2.082365999999999939e+00   1.264484e-01   2.962373e-01
2.087108000000000185e+00   9.673629e-02   2.984708e-01
2.091849999999999987e+00   1.978331e-01   3.008551e-01
2.096592999999999929e+00   2.469218e-01   3.020363e-01
2.101335000000000175e+00   6.568548e-02   3.026444e-01
2.106076999999999977e+00   2.297911e-01   3.028985e-01
2.110819999999999919e+00  -4.940161e-02   3.034266e-01
2.115562000000000165e+00   6.757419e-02   3.036325e-01
2.120303999999999967e+00   7.622081e-01   3.057479e-01
2.125046999999999908e+00   1.121645e-01   3.041284e-01
2.129789000000000154e+00  -5.918790e-02   2.945348e-01
2.134530999999999956e+00   2.275621e-01   2.896653e-01
2.139273000000000202e+00  -1.344919e-02   2.855898e-01
2.144016000000000144e+00   2.872008e-01   2.837332e-01
2.148757999999999946e+00   1.985565e-01   2.809191e-01
2.153500000000000192e+00   4.698040e-01   2.790415e-01
2.158243000000000134e+00   3.706427e-01   2.767707e-01
2.162984999999999935e+00   2.427621e-01   2.756000e-01
2.167727000000000182e+00   4.865258e-01   2.756108e-01
2.172470000000000123e+00   4.917016e-02   2.751819e-01
2.177211999999999925e+00  -4.740968e-02   2.739384e-01
2.181954000000000171e+00   3.941274e-01   2.741967e-01
2.186695999999999973e+00   4.022831e-01   2.739022e-01
2.191438999999999915e+00   2.169395e-01   2.727237e-01
2.196181000000000161e+00   1.948065e-01   2.723291e-01
2.200922999999999963e+00   1.352927e-01   2.720716e-01
2.205665999999999904e+00   3.491605e-01   2.720843e-01
2.210408000000000150e+00   2.546444e-01   2.712843e-01
2.215149999999999952e+00   6.670419e-01   2.708095e-01
2.219892999999999894e+00   3.683177e-01   2.691235e-01
2.224635000000000140e+00   7.235887e-01   2.699973e-01
2.229376999999999942e+00   5.471137e-01   2.696239e-01
2.234119000000000188e+00   1.421452e-01   2.687529e-01
2.238862000000000130e+00   1.397218e-01   2.677617e-01
2.243603999999999932e+00  -2.204484e-01   2.671597e-01
2.248346000000000178e+00   1.122605e-01   2.671314e-01
2.253089000000000119e+00   1.771863e-01   2.670605e-01
2.257830999999999921e+00   1.266694e-01   2.659275e-01
2.262573000000000167e+00   2.577685e-01   2.667081e-01
2.267316000000000109e+00   4.825726e-01   2.669244e-01
2.272057999999999911e+00   3.346339e-01   2.662828e-01
2.276800000000000157e+00  -2.188629e-02   2.651755e-01
2.281541999999999959e+00   5.139935e-01   2.652161e-01
2.286284999999999901e+00   4.480468e-01   2.652133e-01
2.291027000000000147e+00   1.405863e-01   2.647703e-01
2.295768999999999949e+00   3.905863e-01   2.645267e-01
2.300511999999999890e+00   6.077645e-01   2.639545e-01
2.305254000000000136e+00   2.488645e-01   2.636592e-01
2.309995999999999938e+00   2.165234e-01   2.628322e-01
2.314738999999999880e+00   2.300484e-01   2.621555e-01
2.319481000000000126e+00   5.644597e-02   2.619280e-01
2.324222999999999928e+00  -2.022008e-01   2.617235e-01
2.328965000000000174e+00   1.994984e-01   2.622655e-01
2.333708000000000116e+00   3.750831e-01   2.613860e-01
2.338449999999999918e+00   2.411242e-01   2.612160e-01
2.343192000000000164e+00   2.669661e-01   2.608829e-01
2.347935000000000105e+00   5.447911e-01   2.605807e-01
2.352676999999999907e+00   4.194153e-01   2.600135e-01
2.357419000000000153e+00   8.469839e-01   2.603347e-01
2.362162000000000095e+00   3.662040e-01   2.598301e-01
2.366903999999999897e+00   3.167419e-02   2.594422e-01
2.371646000000000143e+00   5.549645e-01   2.593860e-01
2.376387999999999945e+00  -2.457508e-01   2.586515e-01
2.381130999999999887e+00  -1.747306e-01   2.584277e-01
2.385873000000000133e+00  -7.122661e-02   2.581787e-01
2.390614999999999934e+00   4.739677e-02   2.581791e-01
2.395357999999999876e+00   2.604919e-02   2.572341e-01
2.400100000000000122e+00   4.212161e-01   2.572909e-01
2.404841999999999924e+00   3.026492e-01   2.573847e-01
2.409584999999999866e+00   2.113452e-01   2.568805e-01
2.414327000000000112e+00  -3.799806e-01   2.562842e-01
2.419068999999999914e+00   7.445968e-02   2.562696e-01
2.423811000000000160e+00   4.853226e-01   2.563992e-01
2.428554000000000102e+00   6.638427e-01   2.564507e-01
2.433295999999999903e+00   1.048589e-01   2.557198e-01
2.438038000000000149e+00   1.882145e-01   2.556873e-01
2.442781000000000091e+00  -4.790403e-02   2.548736e-01
2.447522999999999893e+00   1.183702e-01   2.547189e-01
2.452265000000000139e+00   1.750565e-01   2.545190e-01
2.457008000000000081e+00  -1.852895e-01   2.539950e-01
2.461749999999999883e+00   3.006129e-02   2.536304e-01
2.466492000000000129e+00   2.314847e-01   2.542704e-01
2.471233999999999931e+00   3.551629e-01   2.539691e-01
2.475976999999999872e+00   2.099879e-01   2.528794e-01
2.480719000000000118e+00   2.913935e-01   2.531145e-01
2.485460999999999920e+00   1.194145e-01   2.524121e-01
2.490203999999999862e+00   2.237806e-01   2.523715e-01
2.494946000000000108e+00   1.077065e-01   2.522151e-01
2.499687999999999910e+00   1.693363e-01   2.523848e-01
2.504430999999999852e+00  -7.624839e-02   2.515296e-01
2.509173000000000098e+00   8.677984e-02   2.508724e-01
2.513914999999999900e+00  -9.408306e-02   2.508268e-01
2.518657000000000146e+00   7.984919e-02   2.511426e-01
2.523400000000000087e+00   3.122758e-01   2.511745e-01
2.528141999999999889e+00   1.266427e-01   2.508805e-01
2.532884000000000135e+00   4.971113e-01   2.506487e-01
2.537627000000000077e+00   5.067484e-01   2.505983e-01
2.542368999999999879e+00   9.983226e-02   2.499227e-01
2.547111000000000125e+00   2.144315e-01   2.492399e-01
2.551854000000000067e+00   2.155113e-01   2.483945e-01
2.556595999999999869e+00   2.592177e-01   2.484410e-01
2.561338000000000115e+00   1.548927e-01   2.476015e-01
2.566079999999999917e+00   1.295516e-01   2.473418e-01
2.570822999999999858e+00  -2.241032e-01   2.470265e-01
2.575565000000000104e+00   3.005645e-03   2.467958e-01
2.580306999999999906e+00   1.523573e-01   2.465979e-01
2.585049999999999848e+00   1.366161e-01   2.467873e-01
2.589792000000000094e+00  -6.976694e-02   2.464066e-01
2.594533999999999896e+00   2.815242e-02   2.459185e-01
2.599276999999999838e+00   9.138065e-02   2.459842e-01
2.604019000000000084e+00  -1.677145e-01   2.460205e-01
2.608760999999999886e+00   3.898702e-01   2.465877e-01
2.613503000000000132e+00   6.316048e-02   2.464318e-01
2.618246000000000073e+00   3.206081e-01   2.463906e-01
2.622987999999999875e+00   1.428097e-01   2.459994e-01
2.627730000000000121e+00   6.194484e-01   2.459555e-01
2.632473000000000063e+00   5.793710e-02   2.447175e-01
2.637214999999999865e+00   1.639153e-01   2.447362e-01
2.641957000000000111e+00   3.529105e-01   2.450587e-01
2.646700000000000053e+00   2.739339e-01   2.449221e-01
2.651441999999999855e+00   5.092774e-01   2.449237e-01
2.656184000000000101e+00   8.093629e-02   2.443731e-01
2.660925999999999902e+00  -5.129113e-02   2.445011e-01
2.665668999999999844e+00   1.301056e-01   2.439978e-01
2.670411000000000090e+00   6.815274e-01   2.439644e-01
2.675152999999999892e+00   2.672806e-01   2.434222e-01
2.679895999999999834e+00   3.382185e-01   2.434404e-01
2.684638000000000080e+00   4.236379e-01   2.436408e-01
2.689379999999999882e+00   1.127637e-01   2.427696e-01
2.694122999999999823e+00   2.129524e-01   2.430099e-01
2.698865000000000069e+00   4.392645e-01   2.431138e-01
2.703606999999999871e+00   1.454242e-01   2.423896e-01
2.708349000000000117e+00   1.999516e-02   2.419476e-01
2.713092000000000059e+00   2.829815e-01   2.416992e-01
2.717833999999999861e+00   5.258710e-02   2.416594e-01
2.722576000000000107e+00  -6.238306e-02   2.415825e-01
2.727319000000000049e+00   3.388226e-02   2.410851e-01
2.732060999999999851e+00  -4.775000e-02   2.405708e-01
2.736803000000000097e+00   1.283726e-01   2.403419e-01
2.741546000000000038e+00   2.148145e-01   2.407102e-01
2.746287999999999840e+00   5.227282e-01   2.411075e-01
2.751030000000000086e+00   5.511129e-01   2.405747e-01
2.755771999999999888e+00   2.448565e-01   2.395320e-01
2.760514999999999830e+00   7.059677e-02   2.399397e-01
2.765257000000000076e+00  -4.583065e-03   2.396406e-01
2.769998999999999878e+00   8.631371e-02   2.391420e-01
2.774741999999999820e+00   2.568202e-01   2.394952e-01
2.779484000000000066e+00   1.551750e-01   2.388132e-01
2.784225999999999868e+00   4.201597e-01   2.388994e-01
2.788968999999999809e+00   4.498048e-01   2.388874e-01
2.793711000000000055e+00   1.158161e-01   2.382483e-01
2.798452999999999857e+00   3.330815e-01   2.381549e-01
2.803195000000000103e+00   1.794960e-01   2.374849e-01
2.807938000000000045e+00   6.982823e-02   2.376797e-01
2.812679999999999847e+00   3.777500e-02   2.372660e-01
2.817422000000000093e+00  -1.531613e-02   2.370972e-01
2.822165000000000035e+00  -2.372339e-02   2.371152e-01
2.826906999999999837e+00   2.953298e-01   2.367486e-01
2.831649000000000083e+00   1.297056e-01   2.363499e-01
2.836392000000000024e+00   6.979839e-02   2.367067e-01
2.841133999999999826e+00   2.115565e-01   2.361589e-01
2.845876000000000072e+00   1.269298e-01   2.356213e-01
2.850617999999999874e+00   4.204379e-01   2.361092e-01
2.855360999999999816e+00   5.363298e-01   2.362412e-01
2.860103000000000062e+00   3.100855e-01   2.356694e-01
2.864844999999999864e+00   4.461500e-01   2.368889e-01
2.869587999999999806e+00   1.060355e-01   2.427198e-01
2.874330000000000052e+00   1.492250e-01   2.463453e-01
2.879071999999999854e+00   4.879226e-01   2.496447e-01
2.883814999999999795e+00   4.844145e-01   2.517637e-01
2.888557000000000041e+00   8.518306e-02   2.534456e-01
2.893298999999999843e+00   2.987153e-01   2.543424e-01
2.898041000000000089e+00   4.240290e-01   2.554045e-01
2.902784000000000031e+00   2.157976e-01   2.553778e-01
2.907525999999999833e+00  -1.369815e-01   2.563652e-01
2.912268000000000079e+00   8.427419e-02   2.568336e-01
2.917011000000000021e+00   4.020202e-01   2.580854e-01
2.921752999999999822e+00   4.195992e-01   2.582912e-01
2.926495000000000068e+00   1.220153e-01   2.593844e-01
2.931238000000000010e+00   5.951613e-03   2.569250e-01
2.935979999999999812e+00   2.947621e-01   2.500829e-01
2.940722000000000058e+00   3.208565e-01   2.459518e-01
2.945463999999999860e+00   7.788871e-02   2.437697e-01
2.950206999999999802e+00   1.278048e-01   2.415927e-01
2.954949000000000048e+00   4.747016e-02   2.402708e-01
2.959690999999999850e+00  -2.657306e-01   2.396589e-01
2.964433999999999791e+00   7.201613e-02   2.391097e-01
2.969176000000000037e+00   1.321347e-01   2.384334e-01
2.973917999999999839e+00   1.663460e-01   2.380439e-01
2.978660999999999781e+00   5.501694e-02   2.377648e-01
2.983403000000000027e+00  -6.662339e-02   2.372735e-01
2.988144999999999829e+00  -9.515726e-02   2.366657e-01
2.992887000000000075e+00   3.428121e-01   2.365004e-01
2.997630000000000017e+00   7.255645e-02   2.359928e-01
3.002371999999999819e+00   3.655379e-01   2.356771e-01
3.007114000000000065e+00   4.767274e-01   2.357602e-01
3.011857000000000006e+00   4.405121e-01   2.355490e-01
3.016598999999999808e+00   4.098952e-01   2.351837e-01
3.021341000000000054e+00   2.298371e-01   2.349344e-01
3.026083999999999996e+00   4.438000e-01   2.346595e-01
3.030825999999999798e+00   7.598145e-02   2.337554e-01
3.035568000000000044e+00   2.200169e-01   2.341199e-01
3.040309999999999846e+00   1.408129e-01   2.337920e-01
3.045052999999999788e+00   2.234194e-01   2.334014e-01
3.049795000000000034e+00   2.061121e-01   2.331566e-01
3.054536999999999836e+00   3.129331e-01   2.328498e-01
3.059280000000000221e+00   5.396895e-01   2.325545e-01
3.064022000000000023e+00  -6.645161e-03   2.315641e-01
3.068763999999999825e+00  -5.146371e-02   2.317196e-01
3.073507000000000211e+00   4.147492e-01   2.319253e-01
3.078249000000000013e+00  -3.450081e-02   2.312255e-01
3.082990999999999815e+00  -4.383597e-01   2.305012e-01
3.087733000000000061e+00   2.075411e-01   2.311018e-01
3.092476000000000003e+00   6.452565e-01   2.311552e-01
3.097217999999999805e+00   5.201766e-01   2.306304e-01
3.101960000000000051e+00   2.156798e-01   2.306173e-01
3.106702999999999992e+00   4.474976e-01   2.305112e-01
3.111444999999999794e+00   1.448992e-01   2.299416e-01
3.116187000000000040e+00   6.642097e-02   2.291765e-01
3.120929999999999982e+00   1.621750e-01   2.294004e-01
3.125671999999999784e+00   1.318347e-01   2.294081e-01
3.130414000000000030e+00   3.501677e-01   2.293363e-01
3.135155999999999832e+00   1.769605e-01   2.285171e-01
3.139899000000000218e+00   4.139540e-01   2.285504e-01
3.144641000000000020e+00   1.501161e-01   2.283167e-01
3.149382999999999821e+00  -3.973387e-03   2.279974e-01
3.154126000000000207e+00   1.272073e-01   2.281671e-01
3.158868000000000009e+00   3.631258e-01   2.282444e-01
3.163609999999999811e+00   1.140484e-01   2.273912e-01
3.168353000000000197e+00   2.112565e-01   2.273641e-01
3.173094999999999999e+00   5.636839e-01   2.275523e-01
3.177836999999999801e+00   3.996476e-01   2.272834e-01
3.182579000000000047e+00   1.381323e-01   2.270033e-01
3.187321999999999989e+00  -1.458145e-02   2.266276e-01
3.192063999999999790e+00  -9.628226e-03   2.261079e-01
3.196806000000000036e+00   4.572565e-01   2.267988e-01
3.201548999999999978e+00   1.508879e-01   2.261364e-01
3.206290999999999780e+00   4.188089e-01   2.256316e-01
3.211033000000000026e+00   5.010008e-01   2.262031e-01
3.215775999999999968e+00   2.895508e-01   2.258168e-01
3.220518000000000214e+00   1.204411e-01   2.251859e-01
3.225260000000000016e+00   2.939855e-01   2.250456e-01
3.230001999999999818e+00   3.281944e-01   2.247987e-01
3.234745000000000203e+00   2.385694e-01   2.247528e-01
3.239487000000000005e+00  -5.788387e-02   2.241653e-01
3.244228999999999807e+00   2.458234e-01   2.239771e-01
3.248972000000000193e+00   2.492758e-01   2.239819e-01
3.253713999999999995e+00   1.067492e-01   2.233833e-01
3.258455999999999797e+00   4.715081e-02   2.235749e-01
3.263199000000000183e+00  -1.411774e-02   2.226807e-01
3.267940999999999985e+00  -1.906298e-01   2.224741e-01
3.272682999999999787e+00   1.049056e-01   2.228780e-01
3.277425000000000033e+00   1.502540e-01   2.222415e-01
3.282167999999999974e+00  -1.717081e-01   2.223352e-01
3.286910000000000220e+00  -1.276145e-01   2.219217e-01
3.291652000000000022e+00   2.628573e-01   2.221693e-01
3.296394999999999964e+00   5.294169e-01   2.224793e-01
3.301137000000000210e+00   4.531435e-01   2.226916e-01
3.305879000000000012e+00   1.600452e-01   2.222978e-01
3.310621999999999954e+00   2.020911e-01   2.220208e-01
3.315364000000000200e+00  -2.780806e-02   2.215200e-01
3.320106000000000002e+00   2.107250e-01   2.212712e-01
3.324847999999999804e+00   2.149347e-01   2.214186e-01
3.329591000000000189e+00   1.582556e-01   2.210649e-01
3.334332999999999991e+00  -1.380403e-02   2.211066e-01
3.339074999999999793e+00   3.751371e-02   2.206722e-01
3.343818000000000179e+00   2.251944e-01   2.209105e-01
3.348559999999999981e+00   2.663565e-01   2.209940e-01
3.353301999999999783e+00   2.423177e-01   2.208046e-01
3.358045000000000169e+00   1.991129e-03   2.200260e-01
3.362786999999999971e+00  -1.521653e-01   2.199663e-01
3.367529000000000217e+00   4.683556e-01   2.207326e-01
3.372271000000000019e+00   6.888435e-01   2.244306e-01
3.377013999999999960e+00   4.733024e-01   2.293437e-01
3.381756000000000206e+00   2.352202e-01   2.317166e-01
3.386498000000000008e+00   1.972274e-01   2.333048e-01
3.391240999999999950e+00   4.753435e-01   2.336606e-01
3.395983000000000196e+00   4.374589e-01   2.348033e-01
3.400724999999999998e+00   2.149887e-01   2.350625e-01
3.405467999999999940e+00   1.360669e-01   2.345959e-01
3.410210000000000186e+00   3.364871e-01   2.350377e-01
3.414951999999999988e+00   3.005629e-01   2.353033e-01
3.419693999999999789e+00   3.311395e-01   2.360160e-01
3.424437000000000175e+00   1.846113e-01   2.359743e-01
3.429178999999999977e+00   3.447371e-01   2.369263e-01
3.433920999999999779e+00   2.405637e-01   2.373912e-01
3.438664000000000165e+00   1.027750e-01   2.373792e-01
3.443405999999999967e+00   1.792323e-01   2.380423e-01
3.448148000000000213e+00  -8.460565e-02   2.381386e-01
3.452891000000000155e+00   2.357492e-01   2.391558e-01
3.457632999999999956e+00   3.337806e-01   2.395204e-01
3.462375000000000203e+00   1.909887e-01   2.392917e-01
3.467117000000000004e+00   1.324306e-01   2.393818e-01
3.471859999999999946e+00   8.734677e-03   2.395002e-01
3.476602000000000192e+00   2.123306e-02   2.396667e-01
3.481343999999999994e+00   1.907952e-01   2.404048e-01
3.486086999999999936e+00   1.097476e-01   2.409583e-01
3.490829000000000182e+00   2.215008e-01   2.416239e-01
3.495570999999999984e+00   5.209500e-01   2.419962e-01
3.500313999999999925e+00   9.254355e-02   2.417784e-01
3.505056000000000171e+00   1.740758e-01   2.424003e-01
3.509797999999999973e+00  -2.681774e-02   2.416858e-01
3.514540000000000219e+00   2.145887e-02   2.420377e-01
3.519283000000000161e+00   5.589113e-02   2.430216e-01
3.524024999999999963e+00   5.192105e-01   2.439449e-01
3.528767000000000209e+00   3.439234e-01   2.433641e-01
3.533510000000000151e+00   1.601887e-01   2.431614e-01
3.538251999999999953e+00   1.279121e-01   2.437391e-01
3.542994000000000199e+00  -3.079984e-01   2.430847e-01
3.547737000000000140e+00   3.554911e-01   2.443989e-01
3.552478999999999942e+00   5.154782e-01   2.453986e-01
3.557221000000000188e+00   2.943242e-01   2.449522e-01
3.561962999999999990e+00   1.953347e-01   2.452163e-01
3.566705999999999932e+00   4.367468e-01   2.454798e-01
3.571448000000000178e+00   1.686371e-01   2.454230e-01
3.576189999999999980e+00  -2.626613e-01   2.450455e-01
3.580932999999999922e+00  -1.474935e-01   2.450148e-01
3.585675000000000168e+00   3.074766e-01   2.458841e-01
3.590416999999999970e+00   4.182202e-01   2.466388e-01
3.595159999999999911e+00  -7.306048e-02   2.459459e-01
3.599902000000000157e+00   3.192452e-01   2.460220e-01
3.604643999999999959e+00   2.629395e-01   2.461798e-01
3.609386000000000205e+00   1.917089e-01   2.452337e-01
3.614129000000000147e+00   8.823710e-02   2.454151e-01
3.618870999999999949e+00   4.345403e-02   2.457975e-01
3.623613000000000195e+00   3.466290e-02   2.457209e-01
3.628356000000000137e+00   1.612968e-01   2.465817e-01
3.633097999999999939e+00  -6.714113e-02   2.460803e-01
3.637840000000000185e+00  -1.514532e-01   2.459061e-01
3.642583000000000126e+00   6.954355e-02   2.459600e-01
3.647324999999999928e+00   3.714258e-01   2.467830e-01
3.652067000000000174e+00   1.344710e-01   2.467097e-01
3.656808999999999976e+00   2.184855e-01   2.465323e-01
3.661551999999999918e+00   1.030960e-01   2.467300e-01
3.666294000000000164e+00  -1.572008e-01   2.472747e-01
3.671035999999999966e+00   1.725766e-01   2.526912e-01
3.675778999999999908e+00   2.342444e-01   2.613975e-01
3.680521000000000154e+00   3.517379e-01   2.653014e-01
3.685262999999999955e+00   1.865863e-01   2.691967e-01
3.690005999999999897e+00   9.151613e-02   2.718876e-01
3.694748000000000143e+00  -3.528548e-02   2.727807e-01
3.699489999999999945e+00  -2.138169e-01   2.744407e-01
3.704232000000000191e+00   8.823468e-02   2.764098e-01
3.708975000000000133e+00   3.862718e-01   2.779888e-01
3.713716999999999935e+00   4.320863e-01   2.794938e-01
3.718459000000000181e+00   3.272508e-01   2.810377e-01
3.723202000000000123e+00   4.632145e-01   2.825066e-01
3.727943999999999924e+00   2.533581e-01   2.837593e-01
3.732686000000000170e+00  -2.522613e-01   2.842082e-01
3.737429000000000112e+00  -2.078226e-01   2.859613e-01
3.742170999999999914e+00   1.362508e-01   2.871317e-01
3.746913000000000160e+00   2.070847e-01   2.884990e-01
3.751654999999999962e+00   3.426887e-01   2.904095e-01
3.756397999999999904e+00   3.819065e-01   2.916816e-01
3.761140000000000150e+00   1.148516e-01   2.929040e-01
3.765881999999999952e+00   3.049653e-01   2.947677e-01
3.770624999999999893e+00   1.436661e-01   2.949120e-01
3.775367000000000139e+00   4.378065e-02   2.965023e-01
3.780108999999999941e+00  -2.628968e-01   2.968867e-01
3.784851999999999883e+00  -7.057258e-03   2.978095e-01
3.789594000000000129e+00   3.286968e-01   3.000163e-01
3.794335999999999931e+00   1.742460e-01   3.013190e-01
3.799078000000000177e+00   4.129839e-03   3.017588e-01
3.803821000000000119e+00   1.448565e-01   3.035267e-01
3.808562999999999921e+00   3.067040e-01   3.045420e-01
3.813305000000000167e+00   2.262266e-01   3.057351e-01
3.818048000000000108e+00   3.287379e-01   3.065939e-01
3.822789999999999910e+00   5.570903e-01   3.082003e-01
3.827532000000000156e+00   2.232347e-01   3.089958e-01
3.832275000000000098e+00   2.131210e-01   3.102892e-01
3.837016999999999900e+00   3.800758e-01   3.119044e-01
3.841759000000000146e+00  -2.660661e-01   3.126113e-01
3.846500999999999948e+00  -1.502984e-02   3.140597e-01
3.851243999999999890e+00   4.490145e-01   3.159170e-01
3.855986000000000136e+00   4.698984e-01   3.164043e-01
3.860727999999999938e+00   3.747234e-01   3.176454e-01
3.865470999999999879e+00  -1.260653e-01   3.185502e-01
3.870213000000000125e+00   2.048855e-01   3.196236e-01
3.874954999999999927e+00   6.663129e-01   3.209744e-01
3.879697999999999869e+00   4.945556e-01   3.219949e-01
3.884440000000000115e+00   3.238073e-01   3.234903e-01
3.889181999999999917e+00   1.260339e-01   3.241152e-01
3.893924000000000163e+00   6.337669e-01   3.262093e-01
3.898667000000000105e+00   7.610234e-01   3.274538e-01
3.903408999999999907e+00  -1.807145e-01   3.267367e-01
3.908151000000000153e+00   2.133016e-01   3.293736e-01
3.912894000000000094e+00   4.774710e-01   3.308830e-01
3.917635999999999896e+00  -3.693548e-04   3.305690e-01
3.922378000000000142e+00  -2.377379e-01   3.316837e-01
3.927121000000000084e+00   7.429194e-02   3.337357e-01
3.931862999999999886e+00   3.217452e-01   3.351947e-01
3.936605000000000132e+00   5.581556e-01   3.366706e-01
3.941346999999999934e+00   2.291065e-01   3.367571e-01
3.946089999999999876e+00  -1.482282e-01   3.377210e-01
3.950832000000000122e+00   1.553194e-01   3.391816e-01
3.955573999999999923e+00  -1.666927e-01   3.396040e-01
3.960316999999999865e+00   1.314008e-01   3.398423e-01
3.965059000000000111e+00   3.737169e-01   3.401803e-01
3.969800999999999913e+00   7.016524e-01   3.394819e-01
3.974543999999999855e+00   5.533500e-01   3.386177e-01
3.979286000000000101e+00   4.339685e-01   3.384862e-01
3.984027999999999903e+00   6.231694e-02   3.399837e-01
3.988770000000000149e+00  -1.788540e-01   3.409468e-01
3.993513000000000090e+00   1.602806e-01   3.420892e-01
3.998254999999999892e+00   4.650242e-01   3.418876e-01
4.002996999999999694e+00   7.568960e-01   3.440852e-01
4.007740000000000080e+00   7.089516e-03   3.451765e-01
4.012482000000000326e+00  -1.818452e-01   3.468837e-01
4.017223999999999684e+00   1.576613e-01   3.484831e-01
4.021967000000000070e+00   1.164460e-01   3.485161e-01
4.026709000000000316e+00   7.297581e-02   3.499707e-01
4.031450999999999674e+00   5.231129e-02   3.515172e-01
4.036192999999999920e+00   2.777508e-01   3.539375e-01
4.040936000000000305e+00  -1.336887e-01   3.547308e-01
4.045677999999999663e+00   3.839629e-01   3.555589e-01
4.050419999999999909e+00   9.796347e-01   3.578431e-01
4.055163000000000295e+00   4.531637e-01   3.573673e-01
4.059904999999999653e+00   1.104323e-01   3.591326e-01
4.064646999999999899e+00   6.593306e-02   3.595783e-01
4.069390000000000285e+00  -8.269516e-02   3.608272e-01
4.074131999999999643e+00  -3.899516e-02   3.629342e-01
4.078873999999999889e+00   1.926411e-01   3.645904e-01
4.083616000000000135e+00   8.022702e-01   3.659806e-01
4.088358999999999632e+00   1.466121e-01   3.661236e-01
4.093100999999999878e+00  -3.520831e-01   3.667578e-01
4.097843000000000124e+00   3.436048e-01   3.692849e-01
4.102585999999999622e+00   2.287339e-02   3.709163e-01
4.107327999999999868e+00   3.970113e-01   3.726415e-01
4.112070000000000114e+00   1.905024e-01   3.733942e-01
4.116812999999999612e+00   2.624944e-01   3.742521e-01
4.121554999999999858e+00   5.006210e-01   3.755337e-01
4.126297000000000104e+00   5.426258e-01   3.775357e-01
4.131039000000000350e+00   3.803016e-01   3.787567e-01
4.135781999999999847e+00   1.126024e-01   3.799157e-01
4.140524000000000093e+00  -7.479032e-02   3.812000e-01
4.145266000000000339e+00  -1.787484e-01   3.820722e-01
4.150008999999999837e+00   9.385056e-01   3.851127e-01
4.154751000000000083e+00   4.197573e-01   3.870445e-01
4.159493000000000329e+00   4.309387e-01   3.875812e-01
4.164235999999999827e+00   3.929153e-01   3.900251e-01
4.168978000000000073e+00  -1.077274e-01   3.902019e-01
4.173720000000000319e+00   2.946887e-01   3.918543e-01
4.178461999999999676e+00   1.135044e+00   3.941939e-01
4.183205000000000062e+00   4.564798e-01   3.943372e-01
4.187947000000000308e+00  -5.166774e-02   3.956904e-01
4.192688999999999666e+00   7.435645e-02   3.965094e-01
4.197432000000000052e+00  -5.230242e-02   3.985017e-01
4.202174000000000298e+00  -2.398226e-02   3.997970e-01
4.206915999999999656e+00   3.652452e-01   4.023389e-01
4.211659000000000042e+00  -2.940669e-01   4.029174e-01
4.216401000000000288e+00   1.350960e-01   4.044382e-01
4.221142999999999645e+00   4.053823e-01   4.072961e-01
4.225884999999999891e+00   1.986847e-01   4.085914e-01
4.230628000000000277e+00   2.537895e-01   4.100737e-01
4.235369999999999635e+00   4.925419e-01   4.105786e-01
4.240111999999999881e+00   3.158790e-02   4.122968e-01
4.244855000000000267e+00   1.080685e-01   4.145171e-01
4.249596999999999625e+00  -4.476048e-02   4.155258e-01
4.254338999999999871e+00   3.574815e-01   4.175821e-01
4.259082000000000257e+00   5.593815e-01   4.207409e-01
4.263823999999999614e+00   3.671250e-01   4.233243e-01
4.268565999999999860e+00   6.600968e-02   4.237060e-01
4.273308000000000106e+00   3.946855e-01   4.256622e-01
4.278050999999999604e+00   6.213387e-02   4.270499e-01
4.282792999999999850e+00  -1.284847e-01   4.275090e-01
4.287535000000000096e+00  -9.253226e-03   4.292725e-01
4.292277999999999594e+00   6.326444e-01   4.324302e-01
4.297019999999999840e+00   4.504734e-01   4.359276e-01
4.301762000000000086e+00   1.390581e-01   4.361405e-01
4.306504999999999583e+00  -1.016855e-02   4.359769e-01
4.311246999999999829e+00   6.710685e-01   4.410442e-01
4.315989000000000075e+00   9.908871e-02   4.418498e-01
4.320731000000000321e+00   6.164161e-01   4.430198e-01
4.325473999999999819e+00   4.780839e-01   4.460541e-01
4.330216000000000065e+00   9.170887e-02   4.489638e-01
4.334958000000000311e+00   7.575339e-01   4.516382e-01
4.339700999999999809e+00   1.230210e-01   4.512355e-01
4.344443000000000055e+00   4.876202e-01   4.537578e-01
4.349185000000000301e+00   7.018306e-02   4.562725e-01
4.353927999999999798e+00  -7.163944e-01   4.565912e-01
4.358670000000000044e+00  -5.729097e-01   4.576968e-01
4.363412000000000290e+00   3.603468e-02   4.617481e-01
4.368153999999999648e+00  -1.898403e-01   4.654977e-01
4.372897000000000034e+00  -3.652960e-01   4.650355e-01
4.377639000000000280e+00  -3.579685e-01   4.677950e-01
4.382380999999999638e+00  -8.058629e-02   4.693093e-01
4.387124000000000024e+00  -2.615581e-01   4.711413e-01
4.391866000000000270e+00   1.221645e-01   4.765766e-01
4.396607999999999628e+00   2.272879e-01   4.795947e-01
4.401351000000000013e+00  -6.260726e-02   4.780276e-01
4.406093000000000259e+00  -9.312419e-02   4.802829e-01
4.410834999999999617e+00  -4.054976e-01   4.839412e-01
4.415576999999999863e+00  -3.830935e-01   4.850875e-01
4.420320000000000249e+00   4.811831e-01   4.893115e-01
4.425061999999999607e+00  -2.495702e-01   4.883659e-01
4.429803999999999853e+00  -3.584282e-01   4.881168e-01
4.434547000000000239e+00   2.742823e-01   4.898649e-01
4.439288999999999596e+00   1.983992e-01   4.907343e-01
4.444030999999999842e+00   3.496347e-01   4.912540e-01
4.448774000000000228e+00   5.252016e-01   4.913918e-01
4.453515999999999586e+00  -8.287863e-01   4.890375e-01
4.458257999999999832e+00  -2.807097e-02   4.918897e-01
4.463000000000000078e+00   2.453444e-01   4.931040e-01
4.467742999999999576e+00  -1.667258e-02   4.953701e-01
4.472484999999999822e+00  -1.378629e-01   4.987948e-01
4.477227000000000068e+00  -3.130000e-02   5.001306e-01
4.481969999999999565e+00   2.664226e-01   5.029885e-01
4.486711999999999811e+00   3.347887e-01   5.074805e-01
4.491454000000000057e+00  -3.075000e-02   5.061100e-01
4.496197000000000443e+00   2.098065e-02   5.095812e-01
4.500938999999999801e+00  -6.396218e-01   5.116957e-01
4.505681000000000047e+00  -6.303242e-01   5.139335e-01
4.510423000000000293e+00   7.788565e-01   5.202071e-01
4.515165999999999791e+00   5.487097e-02   5.206273e-01
4.519908000000000037e+00   5.274347e-01   5.235185e-01
4.524650000000000283e+00   4.543742e-01   5.256132e-01
4.529392999999999780e+00  -2.548073e-01   5.291742e-01
4.534135000000000026e+00  -2.863379e-01   5.317260e-01
4.538877000000000272e+00  -2.054806e-01   5.377390e-01
4.543619999999999770e+00   5.318976e-01   5.411275e-01
4.548362000000000016e+00   3.798621e-01   5.430905e-01
4.553104000000000262e+00   9.387097e-02   5.471918e-01
4.557845999999999620e+00   4.695863e-01   5.505900e-01
4.562589000000000006e+00   4.908008e-01   5.527440e-01
4.567331000000000252e+00   9.199919e-02   5.554532e-01
4.572072999999999610e+00   1.262614e+00   5.613871e-01
4.576815999999999995e+00   1.498919e-01   5.618892e-01
4.581558000000000241e+00  -1.801056e-01   5.652035e-01
4.586299999999999599e+00   6.728548e-02   5.693722e-01
4.591042999999999985e+00   1.436016e-01   5.737564e-01
4.595785000000000231e+00   6.425290e-01   5.798847e-01
4.600526999999999589e+00   5.343032e-01   5.825853e-01
4.605268999999999835e+00  -7.606242e-01   5.807946e-01
4.610012000000000221e+00  -5.171677e-01   5.876972e-01
4.614753999999999579e+00  -8.673540e-01   5.927951e-01
4.619495999999999825e+00   2.618540e-01   5.984973e-01
4.624239000000000210e+00   8.742815e-01   6.041515e-01
4.628980999999999568e+00   5.470871e-01   6.102352e-01
4.633722999999999814e+00  -5.662661e-01   6.100948e-01
4.638466000000000200e+00  -3.742694e-01   6.125336e-01
4.643207999999999558e+00   1.154551e+00   6.225398e-01
4.647949999999999804e+00   4.704492e-01   6.241512e-01
4.652692000000000050e+00   3.140476e-01   6.306393e-01
4.657435000000000436e+00  -2.574677e-02   6.344397e-01
4.662176999999999794e+00  -6.365565e-02   6.386204e-01
4.666919000000000040e+00   7.831452e-03   6.480262e-01
4.671662000000000425e+00   3.379089e-01   6.517100e-01
4.676403999999999783e+00   1.024668e+00   6.591412e-01
4.681146000000000029e+00  -7.171935e-02   6.619217e-01
4.685889000000000415e+00   8.981726e-01   6.672513e-01
4.690630999999999773e+00   3.293653e-01   6.710721e-01
4.695373000000000019e+00   8.871532e-02   6.791078e-01
4.700115000000000265e+00   3.497089e-01   6.838377e-01
4.704857999999999763e+00  -6.525113e-01   6.908686e-01
4.709600000000000009e+00  -3.482774e-01   6.983306e-01
4.714342000000000255e+00  -8.072968e-01   7.031877e-01
4.719084999999999752e+00  -6.359677e-03   7.110103e-01
4.723826999999999998e+00  -6.349847e-01   7.133765e-01
4.728569000000000244e+00  -1.048439e+00   7.217107e-01
4.733311999999999742e+00   3.499371e-01   7.319209e-01
4.738053999999999988e+00  -4.210105e-01   7.343416e-01
4.742796000000000234e+00  -8.729903e-01   7.420441e-01
4.747537999999999592e+00  -6.384734e-01   7.557802e-01
4.752280999999999977e+00   3.398169e-01   7.619203e-01
4.757023000000000224e+00   1.242931e+00   7.732233e-01
4.761764999999999581e+00  -2.789621e-01   7.786336e-01
4.766507999999999967e+00   1.556144e+00   7.935727e-01
4.771250000000000213e+00  -7.714113e-02   8.032913e-01
4.775991999999999571e+00   1.816669e-01   8.074983e-01
4.780734999999999957e+00  -1.828734e-01   8.197463e-01
4.785477000000000203e+00  -4.350653e-01   8.287615e-01
4.790218999999999561e+00  -7.598774e-01   8.412459e-01
4.794960999999999807e+00  -4.754363e-01   8.483652e-01
4.799704000000000192e+00  -4.818581e-01   8.615430e-01
4.804446000000000438e+00   1.697468e-01   8.705875e-01
4.809187999999999796e+00   6.099387e-01   8.836134e-01
4.813931000000000182e+00  -4.714903e-01   8.973815e-01
4.818673000000000428e+00  -4.968427e-01   9.129357e-01
4.823414999999999786e+00  -3.360903e-01   9.250545e-01
4.828158000000000172e+00   9.184774e-01   9.493956e-01
4.832900000000000418e+00   8.281202e-01   9.653904e-01
4.837641999999999776e+00  -1.095387e-01   9.754182e-01
4.842384000000000022e+00  -3.351435e-01   9.894361e-01
4.847127000000000407e+00   8.713460e-01   1.019071e+00
4.851868999999999765e+00   1.309363e-01   1.036638e+00
4.856611000000000011e+00   1.217004e+00   1.059447e+00
4.861354000000000397e+00   7.871653e-01   1.072766e+00
4.866095999999999755e+00  -4.441742e-01   1.085739e+00
4.870838000000000001e+00  -7.723629e-01   1.116936e+00
4.875581000000000387e+00   1.474315e+00   1.145619e+00
4.880322999999999745e+00  -3.066024e-01   1.176228e+00
4.885064999999999991e+00   2.865806e-02   1.199454e+00
4.889807000000000237e+00  -3.325419e-01   1.239037e+00
4.894549999999999734e+00  -5.752048e-01   1.271642e+00
4.899291999999999980e+00   3.249500e-01   1.314420e+00
4.904034000000000226e+00  -1.385944e-01   1.353407e+00
4.908776999999999724e+00  -1.157701e+00   1.391300e+00
4.913518999999999970e+00  -1.476734e-01   1.473509e+00
4.918261000000000216e+00  -1.028941e+00   1.515011e+00
4.923003999999999714e+00  -1.510876e+00   1.578636e+00
4.927745999999999960e+00   4.899710e-01   1.656923e+00
4.932488000000000206e+00  -5.996847e-01   1.732487e+00
4.937229999999999563e+00   2.040893e+00   1.846722e+00
4.941972999999999949e+00   3.660682e+00   1.956030e+00
4.946715000000000195e+00   4.481629e-01   2.111958e+00
4.951457000000000441e+00   1.308004e+00   2.297878e+00
4.956199999999999939e+00   1.806170e+00   2.579661e+00
4.960942000000000185e+00   4.199488e+00   2.938392e+00
4.965684000000000431e+00   2.764250e-01   3.486577e+00
4.970426999999999929e+00  -7.140323e-03   4.615195e+00
4.975169000000000175e+00  -4.568049e+00   7.951166e+00