# [1]
# Sample c= 5.0 mg/ml
# Intensity scaled by concentration
# Buffer subtracted data file:
# Protein DatFile = /mntdirect/_data_visitor/mx1633/bm29/20150311/D5TVE/1d/D5TVE_SC_007_ave.dat
# Buffer DatFile = /mntdirect/_data_visitor/mx1633/bm29/20150311/D5TVE/ednaSub/D5TVE_SC_007_ave_averbuffer.dat
# 
# AutoRg: Rg   =   2.7974 +/- 0.39 ( 13.8%)
# AutoRg: I(0) =   35.06 +/- 0.0627
# AutoRg: Points   44 to 86 ( 43 total)
# AutoRg: Quality: 73.2%
# 
# 
# Sample Information:
# Storage Temperature (degrees C): 20.0
# Measurement Temperature (degrees C): 19.98
# Concentration: 5.0
# Code: 
3.369227000000000333e-02   3.817739e+01   2.046631e+00
3.843457000000000123e-02   5.791571e+01   1.087854e+00
4.317686999999999914e-02   5.401702e+01   7.460032e-01
4.791916999999999704e-02   5.053101e+01   5.984554e-01
5.266147000000000189e-02   4.819860e+01   5.060724e-01
5.740376999999999980e-02   4.539229e+01   4.399545e-01
6.214606999999999770e-02   4.369328e+01   3.903788e-01
6.688837000000000255e-02   4.228694e+01   3.474777e-01
7.163066999999999351e-02   4.061629e+01   3.163620e-01
7.637296999999999836e-02   4.015976e+01   2.942412e-01
8.111527000000000320e-02   3.915793e+01   2.749833e-01
8.585756999999999417e-02   3.844247e+01   2.574684e-01
9.059986999999999902e-02   3.817373e+01   2.440667e-01
9.534217000000000386e-02   3.766453e+01   2.336211e-01
1.000845000000000068e-01   3.707556e+01   2.238077e-01
1.048267999999999978e-01   3.698234e+01   2.150944e-01
1.095691000000000026e-01   3.682703e+01   2.074722e-01
1.143113999999999936e-01   3.626347e+01   2.004899e-01
1.190536999999999984e-01   3.588283e+01   1.940787e-01
1.237960000000000033e-01   3.562317e+01   1.880255e-01
1.285382999999999942e-01   3.548330e+01   1.832023e-01
1.332805999999999991e-01   3.498641e+01   1.783556e-01
1.380229000000000039e-01   3.486278e+01   1.747531e-01
1.427652000000000088e-01   3.464133e+01   1.703756e-01
1.475075000000000136e-01   3.407623e+01   1.661911e-01
1.522497999999999907e-01   3.389355e+01   1.625904e-01
1.569920999999999955e-01   3.367726e+01   1.594631e-01
1.617344000000000004e-01   3.352642e+01   1.562885e-01
1.664767000000000052e-01   3.343143e+01   1.532773e-01
1.712190000000000101e-01   3.310596e+01   1.502156e-01
1.759612999999999872e-01   3.277027e+01   1.473605e-01
1.807035999999999920e-01   3.284226e+01   1.450529e-01
1.854458999999999969e-01   3.291609e+01   1.432417e-01
1.901882000000000017e-01   3.262741e+01   1.408289e-01
1.949305000000000065e-01   3.240354e+01   1.385352e-01
1.996728000000000114e-01   3.213174e+01   1.361329e-01
2.044150999999999885e-01   3.202122e+01   1.341627e-01
2.091573999999999933e-01   3.163543e+01   1.321106e-01
2.138996999999999982e-01   3.153962e+01   1.303411e-01
2.186420000000000030e-01   3.127138e+01   1.282641e-01
2.233843000000000079e-01   3.104969e+01   1.263575e-01
2.281266000000000127e-01   3.076237e+01   1.245823e-01
2.328688999999999898e-01   3.064120e+01   1.231560e-01
2.376111999999999946e-01   3.035994e+01   1.213115e-01
2.423534999999999995e-01   3.010593e+01   1.194994e-01
2.470958000000000043e-01   2.993765e+01   1.181377e-01
2.518381000000000092e-01   2.976654e+01   1.166573e-01
2.565803999999999863e-01   2.962807e+01   1.153178e-01
2.613227000000000189e-01   2.937063e+01   1.136698e-01
2.660649999999999959e-01   2.919687e+01   1.124290e-01
2.708072999999999730e-01   2.881907e+01   1.108270e-01
2.755496000000000056e-01   2.866916e+01   1.096576e-01
2.802918999999999827e-01   2.840504e+01   1.082091e-01
2.850342000000000153e-01   2.818899e+01   1.070488e-01
2.897764999999999924e-01   2.827580e+01   1.062327e-01
2.945188000000000250e-01   2.804946e+01   1.065631e-01
2.992611000000000021e-01   2.790346e+01   1.073689e-01
3.040033999999999792e-01   2.762167e+01   1.073673e-01
3.087457000000000118e-01   2.727758e+01   1.069731e-01
3.134879999999999889e-01   2.713680e+01   1.066022e-01
3.182303000000000215e-01   2.677025e+01   1.059925e-01
3.229725999999999986e-01   2.663966e+01   1.056931e-01
3.277148999999999757e-01   2.641392e+01   1.051106e-01
3.324572000000000083e-01   2.629912e+01   1.048193e-01
3.371994999999999854e-01   2.598170e+01   1.040756e-01
3.419418000000000180e-01   2.579483e+01   1.035710e-01
3.466840999999999950e-01   2.552667e+01   1.028373e-01
3.514264000000000276e-01   2.523886e+01   1.021053e-01
3.561687000000000047e-01   2.531987e+01   1.020624e-01
3.609109999999999818e-01   2.522203e+01   1.041976e-01
3.656533000000000144e-01   2.477943e+01   1.050803e-01
3.703955999999999915e-01   2.443118e+01   1.056963e-01
3.751379000000000241e-01   2.435198e+01   1.060574e-01
3.798802000000000012e-01   2.415223e+01   1.065621e-01
3.846224999999999783e-01   2.364331e+01   1.063423e-01
3.893648000000000109e-01   2.356132e+01   1.065669e-01
3.941070999999999880e-01   2.336627e+01   1.068463e-01
3.988494000000000206e-01   2.300504e+01   1.066794e-01
4.035916999999999977e-01   2.291977e+01   1.066168e-01
4.083339999999999748e-01   2.274912e+01   1.067454e-01
4.130763000000000074e-01   2.250950e+01   1.065915e-01
4.178185999999999845e-01   2.234982e+01   1.064177e-01
4.225609000000000171e-01   2.201009e+01   1.060060e-01
4.273031999999999941e-01   2.173131e+01   1.058060e-01
4.320455000000000267e-01   2.155479e+01   1.054010e-01
4.367878000000000038e-01   2.137478e+01   1.051739e-01
4.415300999999999809e-01   2.121108e+01   1.052622e-01
4.462724000000000135e-01   2.108285e+01   1.053155e-01
4.510146999999999906e-01   2.083609e+01   1.077821e-01
4.557570000000000232e-01   2.071535e+01   1.104910e-01
4.604993000000000003e-01   2.036526e+01   1.117266e-01
4.652415999999999774e-01   2.024898e+01   1.130897e-01
4.699839000000000100e-01   1.997219e+01   1.137281e-01
4.747261999999999871e-01   1.961438e+01   1.144858e-01
4.794685000000000197e-01   1.943648e+01   1.153611e-01
4.842107999999999968e-01   1.923959e+01   1.161187e-01
4.889530999999999739e-01   1.887175e+01   1.165544e-01
4.936954000000000065e-01   1.884134e+01   1.173849e-01
4.984376999999999835e-01   1.872431e+01   1.181491e-01
5.031799999999999606e-01   1.844231e+01   1.186422e-01
5.079223000000000487e-01   1.847358e+01   1.194215e-01
5.126646000000000258e-01   1.816550e+01   1.186867e-01
5.174069000000000029e-01   1.798510e+01   1.133676e-01
5.221491999999999800e-01   1.770977e+01   1.103621e-01
5.268914999999999571e-01   1.732405e+01   1.079224e-01
5.316338000000000452e-01   1.704593e+01   1.062424e-01
5.363761000000000223e-01   1.680312e+01   1.047983e-01
5.411183999999999994e-01   1.685129e+01   1.040104e-01
5.458606999999999765e-01   1.667353e+01   1.026951e-01
5.506029999999999536e-01   1.638351e+01   1.014637e-01
5.553453000000000417e-01   1.620307e+01   1.005625e-01
5.600876000000000188e-01   1.604835e+01   9.975845e-02
5.648298999999999959e-01   1.570138e+01   9.849696e-02
5.695721999999999730e-01   1.546076e+01   9.749585e-02
5.743144999999999500e-01   1.521370e+01   9.661046e-02
5.790568000000000382e-01   1.511445e+01   9.570410e-02
5.837991000000000152e-01   1.487919e+01   9.448505e-02
5.885413999999999923e-01   1.474553e+01   9.351296e-02
5.932836999999999694e-01   1.462083e+01   9.253241e-02
5.980259999999999465e-01   1.423443e+01   9.125717e-02
6.027683000000000346e-01   1.416000e+01   9.044561e-02
6.075106000000000117e-01   1.401620e+01   8.947781e-02
6.122528999999999888e-01   1.377062e+01   8.850990e-02
6.169951999999999659e-01   1.361742e+01   8.769924e-02
6.217375000000000540e-01   1.340477e+01   8.668067e-02
6.264798000000000311e-01   1.326786e+01   8.592115e-02
6.312221000000000082e-01   1.313608e+01   8.542455e-02
6.359643999999999853e-01   1.297222e+01   8.484805e-02
6.407066999999999624e-01   1.268503e+01   8.406755e-02
6.454490000000000505e-01   1.254122e+01   8.338107e-02
6.501913000000000276e-01   1.234946e+01   8.295725e-02
6.549336000000000046e-01   1.217559e+01   8.249773e-02
6.596758999999999817e-01   1.208310e+01   8.223059e-02
6.644181999999999588e-01   1.192190e+01   8.151103e-02
6.691605000000000469e-01   1.165218e+01   8.078556e-02
6.739028000000000240e-01   1.157563e+01   8.045328e-02
6.786451000000000011e-01   1.148871e+01   7.998024e-02
6.833873999999999782e-01   1.129442e+01   7.937085e-02
6.881296999999999553e-01   1.096919e+01   7.861701e-02
6.928720000000000434e-01   1.091691e+01   7.833587e-02
6.976143000000000205e-01   1.067090e+01   7.762707e-02
7.023565999999999976e-01   1.054549e+01   7.717472e-02
7.070988999999999747e-01   1.039542e+01   7.664079e-02
7.118411999999999518e-01   1.019183e+01   7.606315e-02
7.165835000000000399e-01   1.017693e+01   7.580968e-02
7.213258000000000170e-01   9.983038e+00   7.528296e-02
7.260680999999999941e-01   9.845840e+00   7.475092e-02
7.308103999999999711e-01   9.641142e+00   7.415413e-02
7.355526999999999482e-01   9.553711e+00   7.381925e-02
7.402950000000000363e-01   9.521687e+00   7.353089e-02
7.450373000000000134e-01   9.268455e+00   7.291459e-02
7.497795999999999905e-01   9.123827e+00   7.243765e-02
7.545218999999999676e-01   8.985828e+00   7.206114e-02
7.592641999999999447e-01   8.857181e+00   7.159464e-02
7.640065000000000328e-01   8.733192e+00   7.115885e-02
7.687488000000000099e-01   8.640137e+00   7.087731e-02
7.734910999999999870e-01   8.363637e+00   7.026761e-02
7.782333999999999641e-01   8.348864e+00   6.984266e-02
7.829757000000000522e-01   8.241725e+00   6.955400e-02
7.877180000000000293e-01   8.097085e+00   6.914644e-02
7.924603000000000064e-01   7.927236e+00   6.868487e-02
7.972025999999999835e-01   7.890237e+00   6.829017e-02
8.019448999999999605e-01   7.693607e+00   6.786028e-02
8.066872000000000487e-01   7.575918e+00   6.744071e-02
8.114295000000000258e-01   7.410472e+00   6.688777e-02
8.161718000000000028e-01   7.355993e+00   6.668191e-02
8.209140999999999799e-01   7.273457e+00   6.636949e-02
8.256563999999999570e-01   7.221939e+00   6.603611e-02
8.303987000000000451e-01   7.062809e+00   6.552890e-02
8.351410000000000222e-01   6.957683e+00   6.519938e-02
8.398832999999999993e-01   6.763621e+00   6.460858e-02
8.446255999999999764e-01   6.694306e+00   6.434678e-02
8.493678999999999535e-01   6.584908e+00   6.390559e-02
8.541102000000000416e-01   6.564238e+00   6.370391e-02
8.588525000000000187e-01   6.438903e+00   6.333962e-02
8.635947999999999958e-01   6.348339e+00   6.317680e-02
8.683370999999999729e-01   6.186661e+00   6.265911e-02
8.730793999999999500e-01   6.063114e+00   6.220790e-02
8.778217000000000381e-01   6.055477e+00   6.197271e-02
8.825640000000000152e-01   5.955919e+00   6.163043e-02
8.873062999999999922e-01   5.805249e+00   6.110613e-02
8.920485999999999693e-01   5.671234e+00   6.084092e-02
8.967908999999999464e-01   5.609773e+00   6.064966e-02
9.015332000000000345e-01   5.509561e+00   6.035065e-02
9.062755000000000116e-01   5.439816e+00   6.000291e-02
9.110177999999999887e-01   5.398787e+00   5.973877e-02
9.157600999999999658e-01   5.364829e+00   5.948896e-02
9.205024000000000539e-01   5.240473e+00   5.914607e-02
9.252447000000000310e-01   5.171232e+00   5.889318e-02
9.299870000000000081e-01   5.113955e+00   5.867608e-02
9.347292999999999852e-01   5.076314e+00   5.834356e-02
9.394715999999999623e-01   4.972989e+00   5.801482e-02
9.442139000000000504e-01   4.879557e+00   5.780341e-02
9.489562000000000275e-01   4.786944e+00   5.753725e-02
9.536985000000000046e-01   4.721123e+00   5.728140e-02
9.584407999999999817e-01   4.690223e+00   5.695800e-02
9.631830999999999587e-01   4.521907e+00   5.658486e-02
9.679254000000000469e-01   4.480886e+00   5.639798e-02
9.726677000000000239e-01   4.442305e+00   5.619933e-02
9.774100000000000010e-01   4.349893e+00   5.604196e-02
9.821522999999999781e-01   4.240616e+00   5.559955e-02
9.868945999999999552e-01   4.211409e+00   5.533387e-02
9.916369000000000433e-01   4.103497e+00   5.497031e-02
9.963792000000000204e-01   4.079584e+00   5.476680e-02
1.001120999999999928e+00   4.039267e+00   5.471494e-02
1.005864000000000091e+00   3.976755e+00   5.455355e-02
1.010605999999999893e+00   3.841791e+00   5.402313e-02
1.015347999999999917e+00   3.864807e+00   5.395204e-02
1.020091000000000081e+00   3.752375e+00   5.362969e-02
1.024833000000000105e+00   3.656659e+00   5.327255e-02
1.029574999999999907e+00   3.701620e+00   5.331220e-02
1.034318000000000071e+00   3.642365e+00   5.305398e-02
1.039060000000000095e+00   3.603989e+00   5.291569e-02
1.043801999999999897e+00   3.654071e+00   5.288217e-02
1.048543999999999921e+00   3.518849e+00   5.250847e-02
1.053287000000000084e+00   3.408058e+00   5.219663e-02
1.058029000000000108e+00   3.385906e+00   5.206394e-02
1.062770999999999910e+00   3.333557e+00   5.184084e-02
1.067514000000000074e+00   3.279842e+00   5.164132e-02
1.072256000000000098e+00   3.259090e+00   5.143399e-02
1.076997999999999900e+00   3.173503e+00   5.120339e-02
1.081741000000000064e+00   3.063168e+00   5.099502e-02
1.086483000000000088e+00   3.044089e+00   5.085401e-02
1.091224999999999890e+00   3.020043e+00   5.067601e-02
1.095966999999999913e+00   2.937269e+00   5.038107e-02
1.100710000000000077e+00   2.934277e+00   5.021402e-02
1.105452000000000101e+00   2.920316e+00   5.006207e-02
1.110193999999999903e+00   2.913441e+00   4.991919e-02
1.114937000000000067e+00   2.808246e+00   4.967158e-02
1.119679000000000091e+00   2.810449e+00   4.960100e-02
1.124420999999999893e+00   2.833670e+00   4.954744e-02
1.129164000000000057e+00   2.678077e+00   4.918095e-02
1.133906000000000081e+00   2.566515e+00   4.884048e-02
1.138648000000000104e+00   2.584124e+00   4.879661e-02
1.143389999999999906e+00   2.571253e+00   4.865442e-02
1.148133000000000070e+00   2.544331e+00   4.856071e-02
1.152875000000000094e+00   2.530131e+00   4.846203e-02
1.157616999999999896e+00   2.517904e+00   4.830271e-02
1.162360000000000060e+00   2.390012e+00   4.800635e-02
1.167102000000000084e+00   2.397504e+00   4.789904e-02
1.171844000000000108e+00   2.427541e+00   4.783767e-02
1.176587000000000049e+00   2.414774e+00   4.781913e-02
1.181329000000000073e+00   2.325742e+00   4.758076e-02
1.186071000000000097e+00   2.306525e+00   4.733929e-02
1.190812999999999899e+00   2.239776e+00   4.716436e-02
1.195556000000000063e+00   2.189052e+00   4.689693e-02
1.200298000000000087e+00   2.261897e+00   4.698536e-02
1.205039999999999889e+00   2.265446e+00   4.683795e-02
1.209783000000000053e+00   2.163880e+00   4.661932e-02
1.214525000000000077e+00   2.077156e+00   4.646661e-02
1.219267000000000101e+00   2.055346e+00   4.630517e-02
1.224010000000000042e+00   2.053650e+00   4.615908e-02
1.228752000000000066e+00   2.038155e+00   4.608419e-02
1.233494000000000090e+00   1.999714e+00   4.595485e-02
1.238235999999999892e+00   2.014826e+00   4.582751e-02
1.242979000000000056e+00   1.977147e+00   4.560164e-02
1.247721000000000080e+00   1.864165e+00   4.542467e-02
1.252463000000000104e+00   1.876943e+00   4.545102e-02
1.257206000000000046e+00   1.854990e+00   4.647678e-02
1.261948000000000070e+00   1.853855e+00   4.771770e-02
1.266690000000000094e+00   1.804314e+00   4.836839e-02
1.271433000000000035e+00   1.836447e+00   4.896781e-02
1.276175000000000059e+00   1.812718e+00   4.950222e-02
1.280917000000000083e+00   1.768009e+00   4.988790e-02
1.285659000000000107e+00   1.732327e+00   5.024807e-02
1.290402000000000049e+00   1.744229e+00   5.069293e-02
1.295144000000000073e+00   1.650764e+00   5.107987e-02
1.299886000000000097e+00   1.644600e+00   5.143365e-02
1.304629000000000039e+00   1.709301e+00   5.182381e-02
1.309371000000000063e+00   1.623300e+00   5.170505e-02
1.314113000000000087e+00   1.540929e+00   5.165346e-02
1.318856000000000028e+00   1.665870e+00   5.177401e-02
1.323598000000000052e+00   1.547428e+00   4.965283e-02
1.328340000000000076e+00   1.570093e+00   4.850385e-02
1.333082000000000100e+00   1.488670e+00   4.755304e-02
1.337825000000000042e+00   1.547423e+00   4.704738e-02
1.342567000000000066e+00   1.529283e+00   4.641947e-02
1.347309000000000090e+00   1.421121e+00   4.575552e-02
1.352052000000000032e+00   1.481719e+00   4.554988e-02
1.356794000000000056e+00   1.467884e+00   4.521006e-02
1.361536000000000080e+00   1.431435e+00   4.485339e-02
1.366279000000000021e+00   1.415384e+00   4.440257e-02
1.371021000000000045e+00   1.423381e+00   4.433655e-02
1.375763000000000069e+00   1.369384e+00   4.409172e-02
1.380505000000000093e+00   1.333638e+00   4.388838e-02
1.385248000000000035e+00   1.351882e+00   4.374922e-02
1.389990000000000059e+00   1.338113e+00   4.374809e-02
1.394732000000000083e+00   1.211782e+00   4.340487e-02
1.399475000000000025e+00   1.277842e+00   4.346731e-02
1.404217000000000048e+00   1.327321e+00   4.335697e-02
1.408959000000000072e+00   1.260475e+00   4.322679e-02
1.413702000000000014e+00   1.291642e+00   4.307948e-02
1.418444000000000038e+00   1.218139e+00   4.279872e-02
1.423186000000000062e+00   1.203412e+00   4.284036e-02
1.427928000000000086e+00   1.227924e+00   4.280655e-02
1.432671000000000028e+00   1.150148e+00   4.255215e-02
1.437413000000000052e+00   1.165264e+00   4.248883e-02
1.442155000000000076e+00   1.194717e+00   4.245626e-02
1.446898000000000017e+00   1.139248e+00   4.227766e-02
1.451640000000000041e+00   1.141434e+00   4.209032e-02
1.456382000000000065e+00   1.147125e+00   4.198441e-02
1.461125000000000007e+00   1.098163e+00   4.189092e-02
1.465867000000000031e+00   1.109764e+00   4.181614e-02
1.470609000000000055e+00   1.072257e+00   4.168664e-02
1.475351000000000079e+00   1.026735e+00   4.151000e-02
1.480094000000000021e+00   1.061446e+00   4.154160e-02
1.484836000000000045e+00   1.047833e+00   4.140666e-02
1.489578000000000069e+00   1.057824e+00   4.134611e-02
1.494321000000000010e+00   9.906575e-01   4.162357e-02
1.499063000000000034e+00   9.432318e-01   4.278950e-02
1.503805000000000058e+00   9.604298e-01   4.379423e-02
1.508548000000000000e+00   1.008016e+00   4.441211e-02
1.513290000000000024e+00   9.482018e-01   4.479037e-02
1.518032000000000048e+00   9.027366e-01   4.522764e-02
1.522774000000000072e+00   9.912555e-01   4.470588e-02
1.527517000000000014e+00   9.444334e-01   4.336146e-02
1.532259000000000038e+00   8.966285e-01   4.266780e-02
1.537001000000000062e+00   9.231388e-01   4.214902e-02
1.541744000000000003e+00   8.826695e-01   4.160713e-02
1.546486000000000027e+00   9.585915e-01   4.142501e-02
1.551228000000000051e+00   8.932383e-01   4.110301e-02
1.555970999999999993e+00   8.651449e-01   4.096158e-02
1.560713000000000017e+00   8.750388e-01   4.077127e-02
1.565455000000000041e+00   8.508364e-01   4.048642e-02
1.570197000000000065e+00   8.739454e-01   4.035946e-02
1.574940000000000007e+00   8.002082e-01   3.997657e-02
1.579682000000000031e+00   7.819520e-01   3.989496e-02
1.584424000000000055e+00   8.132632e-01   3.987770e-02
1.589166999999999996e+00   7.853350e-01   3.965280e-02
1.593909000000000020e+00   7.736711e-01   3.964298e-02
1.598651000000000044e+00   7.188015e-01   3.969492e-02
1.603393999999999986e+00   7.075451e-01   3.979634e-02
1.608136000000000010e+00   7.131285e-01   3.981009e-02
1.612878000000000034e+00   7.530244e-01   3.977175e-02
1.617620000000000058e+00   7.107315e-01   3.958106e-02
1.622363000000000000e+00   7.075011e-01   3.943240e-02
1.627105000000000024e+00   7.109580e-01   3.945013e-02
1.631847000000000047e+00   6.852622e-01   3.937363e-02
1.636589999999999989e+00   7.375649e-01   3.935606e-02
1.641332000000000013e+00   7.048023e-01   3.931818e-02
1.646074000000000037e+00   6.412998e-01   3.910307e-02
1.650816999999999979e+00   6.597741e-01   3.903808e-02
1.655559000000000003e+00   6.568775e-01   3.893935e-02
1.660301000000000027e+00   7.017936e-01   3.891772e-02
1.665043000000000051e+00   6.112736e-01   3.877795e-02
1.669785999999999992e+00   7.020576e-01   3.887750e-02
1.674528000000000016e+00   6.730915e-01   3.874275e-02
1.679270000000000040e+00   6.390938e-01   3.867136e-02
1.684012999999999982e+00   5.705537e-01   3.837953e-02
1.688755000000000006e+00   6.291360e-01   3.843159e-02
1.693497000000000030e+00   5.804660e-01   3.840871e-02
1.698239999999999972e+00   5.824612e-01   3.827477e-02
1.702981999999999996e+00   6.033732e-01   3.819113e-02
1.707724000000000020e+00   5.969565e-01   3.825863e-02
1.712466000000000044e+00   5.834040e-01   3.820393e-02
1.717208999999999985e+00   5.989675e-01   3.805975e-02
1.721951000000000009e+00   5.917841e-01   3.802573e-02
1.726693000000000033e+00   5.401772e-01   3.794700e-02
1.731435999999999975e+00   5.364605e-01   3.785473e-02
1.736177999999999999e+00   5.199059e-01   3.780960e-02
1.740920000000000023e+00   5.291710e-01   3.776032e-02
1.745662999999999965e+00   5.140498e-01   3.758569e-02
1.750404999999999989e+00   5.363195e-01   3.769420e-02
1.755147000000000013e+00   5.408658e-01   3.747063e-02
1.759889000000000037e+00   5.019523e-01   3.741656e-02
1.764631999999999978e+00   5.189012e-01   3.745733e-02
1.769374000000000002e+00   5.454315e-01   3.738681e-02
1.774116000000000026e+00   5.191840e-01   3.732378e-02
1.778858999999999968e+00   4.971569e-01   3.713855e-02
1.783600999999999992e+00   4.796535e-01   3.713086e-02
1.788343000000000016e+00   5.107368e-01   3.726695e-02
1.793085999999999958e+00   4.764421e-01   3.700100e-02
1.797827999999999982e+00   4.818784e-01   3.702975e-02
1.802570000000000006e+00   4.280097e-01   3.684983e-02
1.807312000000000030e+00   4.769651e-01   3.685593e-02
1.812054999999999971e+00   4.645007e-01   3.678119e-02
1.816796999999999995e+00   3.866737e-01   3.668059e-02
1.821539000000000019e+00   4.696433e-01   3.675462e-02
1.826281999999999961e+00   4.484994e-01   3.665004e-02
1.831023999999999985e+00   4.470279e-01   3.649397e-02
1.835766000000000009e+00   4.312443e-01   3.644927e-02
1.840508999999999951e+00   4.278451e-01   3.653833e-02
1.845250999999999975e+00   4.469212e-01   3.641329e-02
1.849992999999999999e+00   4.819084e-01   3.647096e-02
1.854735000000000023e+00   4.869466e-01   3.637231e-02
1.859477999999999964e+00   4.587199e-01   3.623149e-02
1.864219999999999988e+00   3.813601e-01   3.617408e-02
1.868962000000000012e+00   4.479853e-01   3.625448e-02
1.873704999999999954e+00   4.210820e-01   3.614040e-02
1.878446999999999978e+00   4.351205e-01   3.607922e-02
1.883189000000000002e+00   4.204561e-01   3.602797e-02
1.887931999999999944e+00   4.004281e-01   3.594571e-02
1.892673999999999968e+00   4.065308e-01   3.600750e-02
1.897415999999999991e+00   4.311365e-01   3.602255e-02
1.902158000000000015e+00   3.472469e-01   3.582119e-02
1.906900999999999957e+00   4.061601e-01   3.582407e-02
1.911642999999999981e+00   3.953451e-01   3.569066e-02
1.916385000000000005e+00   3.708397e-01   3.563828e-02
1.921127999999999947e+00   4.073614e-01   3.566356e-02
1.925869999999999971e+00   4.319473e-01   3.565312e-02
1.930611999999999995e+00   3.949542e-01   3.556126e-02
1.935354999999999936e+00   3.855077e-01   3.544644e-02
1.940096999999999960e+00   4.365472e-01   3.549329e-02
1.944838999999999984e+00   4.463065e-01   3.547610e-02
1.949581000000000008e+00   3.607759e-01   3.525814e-02
1.954323999999999950e+00   3.493831e-01   3.518044e-02
1.959065999999999974e+00   3.566585e-01   3.511371e-02
1.963807999999999998e+00   3.539256e-01   3.504487e-02
1.968550999999999940e+00   3.598028e-01   3.496480e-02
1.973292999999999964e+00   3.272068e-01   3.487237e-02
1.978034999999999988e+00   3.696932e-01   3.484938e-02
1.982777999999999929e+00   3.624974e-01   3.482855e-02
1.987519999999999953e+00   3.647683e-01   3.484355e-02
1.992261999999999977e+00   3.659691e-01   3.477994e-02
1.997004000000000001e+00   4.074159e-01   3.476791e-02
2.001746999999999943e+00   4.022142e-01   3.477828e-02
2.006489000000000189e+00   3.748894e-01   3.475753e-02
2.011230999999999991e+00   3.519353e-01   3.475982e-02
2.015973999999999933e+00   3.534325e-01   3.470346e-02
2.020716000000000179e+00   3.431442e-01   3.464244e-02
2.025457999999999981e+00   3.146496e-01   3.456731e-02
2.030200999999999922e+00   3.371336e-01   3.454405e-02
2.034943000000000168e+00   3.282504e-01   3.453741e-02
2.039684999999999970e+00   3.491447e-01   3.447156e-02
2.044427000000000216e+00   3.344977e-01   3.445598e-02
2.049170000000000158e+00   2.827491e-01   3.436775e-02
2.053911999999999960e+00   3.524445e-01   3.438563e-02
2.058654000000000206e+00   3.312185e-01   3.448973e-02
2.063397000000000148e+00   3.506452e-01   3.532987e-02
2.068138999999999950e+00   3.328324e-01   3.599063e-02
2.072881000000000196e+00   2.946771e-01   3.648406e-02
2.077624000000000137e+00   3.423486e-01   3.694807e-02
2.082365999999999939e+00   3.350510e-01   3.730208e-02
2.087108000000000185e+00   2.810990e-01   3.754400e-02
2.091849999999999987e+00   2.828627e-01   3.782749e-02
2.096592999999999929e+00   3.415308e-01   3.811217e-02
2.101335000000000175e+00   3.062740e-01   3.805208e-02
2.106076999999999977e+00   2.667921e-01   3.815292e-02
2.110819999999999919e+00   3.915411e-01   3.850629e-02
2.115562000000000165e+00   3.321961e-01   3.847674e-02
2.120303999999999967e+00   2.922460e-01   3.846530e-02
2.125046999999999908e+00   2.920252e-01   3.818990e-02
2.129789000000000154e+00   2.701533e-01   3.708381e-02
2.134530999999999956e+00   2.867379e-01   3.638100e-02
2.139273000000000202e+00   2.768007e-01   3.586909e-02
2.144016000000000144e+00   2.538843e-01   3.551579e-02
2.148757999999999946e+00   2.249321e-01   3.513576e-02
2.153500000000000192e+00   2.740931e-01   3.492362e-02
2.158243000000000134e+00   2.595734e-01   3.475899e-02
2.162984999999999935e+00   2.463823e-01   3.461778e-02
2.167727000000000182e+00   2.558829e-01   3.453536e-02
2.172470000000000123e+00   2.719578e-01   3.458893e-02
2.177211999999999925e+00   2.584296e-01   3.441711e-02
2.181954000000000171e+00   2.136200e-01   3.429044e-02
2.186695999999999973e+00   2.456989e-01   3.424311e-02
2.191438999999999915e+00   2.216879e-01   3.420648e-02
2.196181000000000161e+00   2.321567e-01   3.408429e-02
2.200922999999999963e+00   2.746576e-01   3.406540e-02
2.205665999999999904e+00   3.027317e-01   3.404253e-02
2.210408000000000150e+00   3.282286e-01   3.405398e-02
2.215149999999999952e+00   2.604340e-01   3.393506e-02
2.219892999999999894e+00   2.562176e-01   3.393561e-02
2.224635000000000140e+00   2.383280e-01   3.383727e-02
2.229376999999999942e+00   2.281958e-01   3.364497e-02
2.234119000000000188e+00   2.935679e-01   3.361319e-02
2.238862000000000130e+00   2.783745e-01   3.367828e-02
2.243603999999999932e+00   2.815478e-01   3.364764e-02
2.248346000000000178e+00   2.353272e-01   3.359158e-02
2.253089000000000119e+00   2.276554e-01   3.351439e-02
2.257830999999999921e+00   2.301834e-01   3.342651e-02
2.262573000000000167e+00   2.698229e-01   3.342054e-02
2.267316000000000109e+00   2.541693e-01   3.337377e-02
2.272057999999999911e+00   2.816782e-01   3.337723e-02
2.276800000000000157e+00   2.501527e-01   3.323429e-02
2.281541999999999959e+00   2.216567e-01   3.317749e-02
2.286284999999999901e+00   2.988005e-01   3.329198e-02
2.291027000000000147e+00   2.533331e-01   3.318233e-02
2.295768999999999949e+00   2.920426e-01   3.319256e-02
2.300511999999999890e+00   2.552988e-01   3.305203e-02
2.305254000000000136e+00   2.400693e-01   3.298871e-02
2.309995999999999938e+00   2.362593e-01   3.299899e-02
2.314738999999999880e+00   2.699258e-01   3.301266e-02
2.319481000000000126e+00   2.282057e-01   3.292079e-02
2.324222999999999928e+00   2.541731e-01   3.294847e-02
2.328965000000000174e+00   2.620864e-01   3.284904e-02
2.333708000000000116e+00   2.193470e-01   3.281022e-02
2.338449999999999918e+00   1.912236e-01   3.273446e-02
2.343192000000000164e+00   2.228450e-01   3.268735e-02
2.347935000000000105e+00   2.358461e-01   3.270003e-02
2.352676999999999907e+00   2.416112e-01   3.257143e-02
2.357419000000000153e+00   2.698011e-01   3.262572e-02
2.362162000000000095e+00   2.558847e-01   3.268463e-02
2.366903999999999897e+00   2.395758e-01   3.251589e-02
2.371646000000000143e+00   2.715169e-01   3.248011e-02
2.376387999999999945e+00   2.301063e-01   3.243327e-02
2.381130999999999887e+00   2.070380e-01   3.236135e-02
2.385873000000000133e+00   1.850865e-01   3.227196e-02
2.390614999999999934e+00   1.573573e-01   3.224253e-02
2.395357999999999876e+00   2.282969e-01   3.227774e-02
2.400100000000000122e+00   2.275870e-01   3.226207e-02
2.404841999999999924e+00   1.979798e-01   3.220678e-02
2.409584999999999866e+00   1.827371e-01   3.213696e-02
2.414327000000000112e+00   2.311526e-01   3.221228e-02
2.419068999999999914e+00   2.054890e-01   3.218991e-02
2.423811000000000160e+00   2.189093e-01   3.202907e-02
2.428554000000000102e+00   2.365490e-01   3.204465e-02
2.433295999999999903e+00   1.890874e-01   3.196902e-02
2.438038000000000149e+00   2.354655e-01   3.200331e-02
2.442781000000000091e+00   2.495960e-01   3.198248e-02
2.447522999999999893e+00   2.137771e-01   3.186459e-02
2.452265000000000139e+00   2.628520e-01   3.193093e-02
2.457008000000000081e+00   2.186998e-01   3.181843e-02
2.461749999999999883e+00   1.934061e-01   3.177910e-02
2.466492000000000129e+00   1.652991e-01   3.174389e-02
2.471233999999999931e+00   2.598120e-01   3.178105e-02
2.475976999999999872e+00   2.174080e-01   3.167707e-02
2.480719000000000118e+00   1.833246e-01   3.158998e-02
2.485460999999999920e+00   2.064474e-01   3.159068e-02
2.490203999999999862e+00   1.829465e-01   3.150089e-02
2.494946000000000108e+00   1.872320e-01   3.158395e-02
2.499687999999999910e+00   1.506937e-01   3.152356e-02
2.504430999999999852e+00   1.789928e-01   3.149838e-02
2.509173000000000098e+00   1.822517e-01   3.138961e-02
2.513914999999999900e+00   1.841290e-01   3.140124e-02
2.518657000000000146e+00   1.496338e-01   3.139784e-02
2.523400000000000087e+00   1.545645e-01   3.136543e-02
2.528141999999999889e+00   1.874945e-01   3.128875e-02
2.532884000000000135e+00   1.938691e-01   3.134828e-02
2.537627000000000077e+00   2.317074e-01   3.130155e-02
2.542368999999999879e+00   1.826606e-01   3.122391e-02
2.547111000000000125e+00   1.787244e-01   3.118254e-02
2.551854000000000067e+00   1.242007e-01   3.110086e-02
2.556595999999999869e+00   1.669685e-01   3.101960e-02
2.561338000000000115e+00   1.722399e-01   3.094238e-02
2.566079999999999917e+00   1.912221e-01   3.097058e-02
2.570822999999999858e+00   1.858177e-01   3.092557e-02
2.575565000000000104e+00   2.574898e-01   3.093646e-02
2.580306999999999906e+00   1.995538e-01   3.093830e-02
2.585049999999999848e+00   2.179193e-01   3.081958e-02
2.589792000000000094e+00   2.131911e-01   3.084214e-02
2.594533999999999896e+00   1.996664e-01   3.080610e-02
2.599276999999999838e+00   2.047966e-01   3.084004e-02
2.604019000000000084e+00   1.989770e-01   3.079840e-02
2.608760999999999886e+00   1.690961e-01   3.077227e-02
2.613503000000000132e+00   1.744493e-01   3.079631e-02
2.618246000000000073e+00   1.745843e-01   3.077781e-02
2.622987999999999875e+00   2.086486e-01   3.072713e-02
2.627730000000000121e+00   1.967462e-01   3.068111e-02
2.632473000000000063e+00   2.400316e-01   3.075550e-02
2.637214999999999865e+00   1.648908e-01   3.069953e-02
2.641957000000000111e+00   1.262991e-01   3.065059e-02
2.646700000000000053e+00   1.614633e-01   3.057589e-02
2.651441999999999855e+00   1.615815e-01   3.052922e-02
2.656184000000000101e+00   1.865626e-01   3.055454e-02
2.660925999999999902e+00   1.874535e-01   3.051484e-02
2.665668999999999844e+00   1.793461e-01   3.048809e-02
2.670411000000000090e+00   1.934812e-01   3.046518e-02
2.675152999999999892e+00   1.834737e-01   3.040303e-02
2.679895999999999834e+00   1.745865e-01   3.036689e-02
2.684638000000000080e+00   2.108758e-01   3.039512e-02
2.689379999999999882e+00   2.028017e-01   3.037245e-02
2.694122999999999823e+00   2.402332e-01   3.037788e-02
2.698865000000000069e+00   2.286331e-01   3.037531e-02
2.703606999999999871e+00   1.992005e-01   3.028389e-02
2.708349000000000117e+00   1.697165e-01   3.014948e-02
2.713092000000000059e+00   1.414102e-01   3.013314e-02
2.717833999999999861e+00   1.717470e-01   3.017783e-02
2.722576000000000107e+00   1.884110e-01   3.019657e-02
2.727319000000000049e+00   1.827929e-01   3.012824e-02
2.732060999999999851e+00   2.126924e-01   3.008273e-02
2.736803000000000097e+00   1.382064e-01   3.004971e-02
2.741546000000000038e+00   1.919237e-01   3.008368e-02
2.746287999999999840e+00   1.763410e-01   2.999534e-02
2.751030000000000086e+00   1.701018e-01   2.992689e-02
2.755771999999999888e+00   1.992659e-01   3.002621e-02
2.760514999999999830e+00   2.033039e-01   3.000705e-02
2.765257000000000076e+00   1.833028e-01   2.991282e-02
2.769998999999999878e+00   1.562682e-01   2.988795e-02
2.774741999999999820e+00   2.298692e-01   2.996918e-02
2.779484000000000066e+00   1.968152e-01   2.981158e-02
2.784225999999999868e+00   1.938299e-01   2.983837e-02
2.788968999999999809e+00   2.210876e-01   2.982026e-02
2.793711000000000055e+00   2.046007e-01   2.977934e-02
2.798452999999999857e+00   2.131795e-01   2.978543e-02
2.803195000000000103e+00   2.028876e-01   2.979226e-02
2.807938000000000045e+00   1.949475e-01   2.972200e-02
2.812679999999999847e+00   2.263743e-01   2.973338e-02
2.817422000000000093e+00   2.349047e-01   2.978550e-02
2.822165000000000035e+00   1.640958e-01   2.966438e-02
2.826906999999999837e+00   1.783867e-01   2.966953e-02
2.831649000000000083e+00   1.986527e-01   2.963277e-02
2.836392000000000024e+00   2.333091e-01   2.956107e-02
2.841133999999999826e+00   1.969420e-01   2.961242e-02
2.845876000000000072e+00   1.938703e-01   2.958452e-02
2.850617999999999874e+00   1.976978e-01   2.944548e-02
2.855360999999999816e+00   1.998812e-01   2.950217e-02
2.860103000000000062e+00   1.893241e-01   2.946663e-02
2.864844999999999864e+00   2.001380e-01   2.959500e-02
2.869587999999999806e+00   2.069328e-01   3.032361e-02
2.874330000000000052e+00   1.603921e-01   3.073473e-02
2.879071999999999854e+00   1.887897e-01   3.114720e-02
2.883814999999999795e+00   2.004370e-01   3.147388e-02
2.888557000000000041e+00   1.572549e-01   3.161844e-02
2.893298999999999843e+00   1.381000e-01   3.173299e-02
2.898041000000000089e+00   2.013935e-01   3.186614e-02
2.902784000000000031e+00   2.270510e-01   3.197529e-02
2.907525999999999833e+00   1.892446e-01   3.202645e-02
2.912268000000000079e+00   2.098723e-01   3.216537e-02
2.917011000000000021e+00   2.023283e-01   3.219802e-02
2.921752999999999822e+00   1.945799e-01   3.230646e-02
2.926495000000000068e+00   1.923634e-01   3.230094e-02
2.931238000000000010e+00   1.960840e-01   3.203895e-02
2.935979999999999812e+00   2.367541e-01   3.130725e-02
2.940722000000000058e+00   2.578555e-01   3.090072e-02
2.945463999999999860e+00   2.152947e-01   3.056600e-02
2.950206999999999802e+00   1.840456e-01   3.019254e-02
2.954949000000000048e+00   2.313586e-01   3.007598e-02
2.959690999999999850e+00   2.215679e-01   2.997695e-02
2.964433999999999791e+00   1.798341e-01   2.986976e-02
2.969176000000000037e+00   2.369694e-01   2.991587e-02
2.973917999999999839e+00   1.629785e-01   2.977213e-02
2.978660999999999781e+00   2.070372e-01   2.975447e-02
2.983403000000000027e+00   1.607134e-01   2.972285e-02
2.988144999999999829e+00   1.456839e-01   2.959609e-02
2.992887000000000075e+00   1.733616e-01   2.955842e-02
2.997630000000000017e+00   1.937411e-01   2.953602e-02
3.002371999999999819e+00   1.879260e-01   2.943466e-02
3.007114000000000065e+00   1.983615e-01   2.947581e-02
3.011857000000000006e+00   2.189710e-01   2.946419e-02
3.016598999999999808e+00   1.470943e-01   2.931802e-02
3.021341000000000054e+00   1.681468e-01   2.926457e-02
3.026083999999999996e+00   1.944871e-01   2.929064e-02
3.030825999999999798e+00   1.953594e-01   2.927418e-02
3.035568000000000044e+00   2.216714e-01   2.921122e-02
3.040309999999999846e+00   1.955789e-01   2.922277e-02
3.045052999999999788e+00   1.795865e-01   2.912343e-02
3.049795000000000034e+00   2.030204e-01   2.912078e-02
3.054536999999999836e+00   1.673455e-01   2.910036e-02
3.059280000000000221e+00   2.089928e-01   2.907795e-02
3.064022000000000023e+00   1.780878e-01   2.898734e-02
3.068763999999999825e+00   1.896083e-01   2.898341e-02
3.073507000000000211e+00   2.357281e-01   2.902638e-02
3.078249000000000013e+00   1.941434e-01   2.893212e-02
3.082990999999999815e+00   1.862707e-01   2.893721e-02
3.087733000000000061e+00   1.736124e-01   2.885411e-02
3.092476000000000003e+00   1.754449e-01   2.882518e-02
3.097217999999999805e+00   2.111625e-01   2.884713e-02
3.101960000000000051e+00   2.165950e-01   2.885866e-02
3.106702999999999992e+00   2.049950e-01   2.880715e-02
3.111444999999999794e+00   1.937148e-01   2.873584e-02
3.116187000000000040e+00   2.099199e-01   2.864239e-02
3.120929999999999982e+00   1.991112e-01   2.867122e-02
3.125671999999999784e+00   2.064722e-01   2.860815e-02
3.130414000000000030e+00   2.196109e-01   2.864266e-02
3.135155999999999832e+00   1.867428e-01   2.861309e-02
3.139899000000000218e+00   1.659580e-01   2.860406e-02
3.144641000000000020e+00   2.191610e-01   2.859322e-02
3.149382999999999821e+00   2.024417e-01   2.857947e-02
3.154126000000000207e+00   1.808533e-01   2.852086e-02
3.158868000000000009e+00   1.831729e-01   2.848278e-02
3.163609999999999811e+00   1.560865e-01   2.845318e-02
3.168353000000000197e+00   2.148624e-01   2.850054e-02
3.173094999999999999e+00   2.051296e-01   2.839472e-02
3.177836999999999801e+00   1.759517e-01   2.839824e-02
3.182579000000000047e+00   1.793016e-01   2.837793e-02
3.187321999999999989e+00   1.872218e-01   2.835932e-02
3.192063999999999790e+00   2.195777e-01   2.838265e-02
3.196806000000000036e+00   1.730014e-01   2.826967e-02
3.201548999999999978e+00   1.698006e-01   2.819839e-02
3.206290999999999780e+00   2.130484e-01   2.818679e-02
3.211033000000000026e+00   1.572361e-01   2.819795e-02
3.215775999999999968e+00   2.014636e-01   2.824827e-02
3.220518000000000214e+00   2.181945e-01   2.827305e-02
3.225260000000000016e+00   1.868666e-01   2.815503e-02
3.230001999999999818e+00   2.232765e-01   2.815576e-02
3.234745000000000203e+00   1.939525e-01   2.806460e-02
3.239487000000000005e+00   1.612141e-01   2.801227e-02
3.244228999999999807e+00   2.274147e-01   2.802190e-02
3.248972000000000193e+00   1.972710e-01   2.794596e-02
3.253713999999999995e+00   1.891449e-01   2.793199e-02
3.258455999999999797e+00   2.021402e-01   2.792997e-02
3.263199000000000183e+00   1.941784e-01   2.784828e-02
3.267940999999999985e+00   1.478884e-01   2.780754e-02
3.272682999999999787e+00   1.692776e-01   2.781321e-02
3.277425000000000033e+00   2.051400e-01   2.782835e-02
3.282167999999999974e+00   1.901256e-01   2.777752e-02
3.286910000000000220e+00   1.698606e-01   2.776589e-02
3.291652000000000022e+00   1.517220e-01   2.775327e-02
3.296394999999999964e+00   1.451383e-01   2.777421e-02
3.301137000000000210e+00   1.692792e-01   2.772594e-02
3.305879000000000012e+00   1.607977e-01   2.773973e-02
3.310621999999999954e+00   1.716739e-01   2.775406e-02
3.315364000000000200e+00   1.862546e-01   2.772177e-02
3.320106000000000002e+00   2.032021e-01   2.770040e-02
3.324847999999999804e+00   1.867295e-01   2.770370e-02
3.329591000000000189e+00   2.184485e-01   2.769346e-02
3.334332999999999991e+00   1.735033e-01   2.765008e-02
3.339074999999999793e+00   1.568625e-01   2.757717e-02
3.343818000000000179e+00   1.403638e-01   2.755193e-02
3.348559999999999981e+00   1.508906e-01   2.756924e-02
3.353301999999999783e+00   1.491703e-01   2.755008e-02
3.358045000000000169e+00   1.880771e-01   2.759582e-02
3.362786999999999971e+00   1.577786e-01   2.750254e-02
3.367529000000000217e+00   1.613102e-01   2.751428e-02
3.372271000000000019e+00   2.204407e-01   2.803463e-02
3.377013999999999960e+00   2.071388e-01   2.859246e-02
3.381756000000000206e+00   1.884108e-01   2.887379e-02
3.386498000000000008e+00   1.165119e-01   2.897484e-02
3.391240999999999950e+00   1.429524e-01   2.916755e-02
3.395983000000000196e+00   1.553183e-01   2.924052e-02
3.400724999999999998e+00   2.003382e-01   2.934347e-02
3.405467999999999940e+00   1.624163e-01   2.926640e-02
3.410210000000000186e+00   1.890329e-01   2.934597e-02
3.414951999999999988e+00   2.053986e-01   2.939369e-02
3.419693999999999789e+00   1.842924e-01   2.943337e-02
3.424437000000000175e+00   2.212519e-01   2.955291e-02
3.429178999999999977e+00   1.894919e-01   2.957549e-02
3.433920999999999779e+00   1.898165e-01   2.961901e-02
3.438664000000000165e+00   1.840153e-01   2.966077e-02
3.443405999999999967e+00   1.850318e-01   2.975339e-02
3.448148000000000213e+00   1.884159e-01   2.975188e-02
3.452891000000000155e+00   1.916645e-01   2.978652e-02
3.457632999999999956e+00   1.592423e-01   2.979809e-02
3.462375000000000203e+00   1.414960e-01   2.986066e-02
3.467117000000000004e+00   1.949933e-01   2.997106e-02
3.471859999999999946e+00   1.741114e-01   2.994676e-02
3.476602000000000192e+00   1.614425e-01   3.002041e-02
3.481343999999999994e+00   1.454001e-01   2.997882e-02
3.486086999999999936e+00   1.673457e-01   3.007789e-02
3.490829000000000182e+00   1.405358e-01   3.010899e-02
3.495570999999999984e+00   1.891568e-01   3.016099e-02
3.500313999999999925e+00   1.796353e-01   3.022648e-02
3.505056000000000171e+00   1.760370e-01   3.024142e-02
3.509797999999999973e+00   1.608806e-01   3.029211e-02
3.514540000000000219e+00   2.172994e-01   3.031038e-02
3.519283000000000161e+00   1.902488e-01   3.038253e-02
3.524024999999999963e+00   1.851663e-01   3.039632e-02
3.528767000000000209e+00   1.976077e-01   3.039269e-02
3.533510000000000151e+00   1.969480e-01   3.047949e-02
3.538251999999999953e+00   1.921229e-01   3.047406e-02
3.542994000000000199e+00   1.809276e-01   3.049473e-02
3.547737000000000140e+00   1.674714e-01   3.046248e-02
3.552478999999999942e+00   1.660671e-01   3.045909e-02
3.557221000000000188e+00   2.005538e-01   3.059620e-02
3.561962999999999990e+00   1.168682e-01   3.054995e-02
3.566705999999999932e+00   1.653878e-01   3.069157e-02
3.571448000000000178e+00   1.662022e-01   3.060916e-02
3.576189999999999980e+00   1.782021e-01   3.069157e-02
3.580932999999999922e+00   2.005913e-01   3.072177e-02
3.585675000000000168e+00   1.583855e-01   3.063552e-02
3.590416999999999970e+00   1.673368e-01   3.074031e-02
3.595159999999999911e+00   1.935393e-01   3.078452e-02
3.599902000000000157e+00   1.838890e-01   3.076126e-02
3.604643999999999959e+00   2.163083e-01   3.076116e-02
3.609386000000000205e+00   1.836383e-01   3.072499e-02
3.614129000000000147e+00   1.888255e-01   3.072996e-02
3.618870999999999949e+00   1.656468e-01   3.072812e-02
3.623613000000000195e+00   1.601063e-01   3.069388e-02
3.628356000000000137e+00   1.687989e-01   3.072689e-02
3.633097999999999939e+00   1.711991e-01   3.072710e-02
3.637840000000000185e+00   1.479235e-01   3.071748e-02
3.642583000000000126e+00   1.374728e-01   3.072127e-02
3.647324999999999928e+00   1.803574e-01   3.078379e-02
3.652067000000000174e+00   2.056419e-01   3.087528e-02
3.656808999999999976e+00   2.092865e-01   3.086546e-02
3.661551999999999918e+00   1.873825e-01   3.083747e-02
3.666294000000000164e+00   1.740576e-01   3.088295e-02
3.671035999999999966e+00   1.568581e-01   3.144341e-02
3.675778999999999908e+00   2.273372e-01   3.254090e-02
3.680521000000000154e+00   1.301800e-01   3.300851e-02
3.685262999999999955e+00   1.662358e-01   3.353951e-02
3.690005999999999897e+00   1.504253e-01   3.386887e-02
3.694748000000000143e+00   1.760054e-01   3.417132e-02
3.699489999999999945e+00   2.212596e-01   3.437616e-02
3.704232000000000191e+00   2.074150e-01   3.455799e-02
3.708975000000000133e+00   1.634182e-01   3.476127e-02
3.713716999999999935e+00   1.919148e-01   3.498182e-02
3.718459000000000181e+00   1.786969e-01   3.512972e-02
3.723202000000000123e+00   2.061840e-01   3.526392e-02
3.727943999999999924e+00   1.692171e-01   3.542616e-02
3.732686000000000170e+00   2.058950e-01   3.571296e-02
3.737429000000000112e+00   2.328226e-01   3.587041e-02
3.742170999999999914e+00   1.442659e-01   3.587619e-02
3.746913000000000160e+00   1.178167e-01   3.598509e-02
3.751654999999999962e+00   1.812112e-01   3.623807e-02
3.756397999999999904e+00   1.720479e-01   3.636341e-02
3.761140000000000150e+00   1.691135e-01   3.646407e-02
3.765881999999999952e+00   1.252416e-01   3.650805e-02
3.770624999999999893e+00   1.654681e-01   3.683895e-02
3.775367000000000139e+00   1.587673e-01   3.692717e-02
3.780108999999999941e+00   1.849092e-01   3.711567e-02
3.784851999999999883e+00   1.499321e-01   3.723203e-02
3.789594000000000129e+00   1.571442e-01   3.739184e-02
3.794335999999999931e+00   2.036517e-01   3.761180e-02
3.799078000000000177e+00   2.196690e-01   3.785310e-02
3.803821000000000119e+00   2.108523e-01   3.800783e-02
3.808562999999999921e+00   2.106705e-01   3.818598e-02
3.813305000000000167e+00   1.479470e-01   3.825066e-02
3.818048000000000108e+00   1.570704e-01   3.826346e-02
3.822789999999999910e+00   1.747546e-01   3.847885e-02
3.827532000000000156e+00   1.644022e-01   3.870765e-02
3.832275000000000098e+00   2.107207e-01   3.888765e-02
3.837016999999999900e+00   2.248388e-01   3.898233e-02
3.841759000000000146e+00   1.785903e-01   3.910964e-02
3.846500999999999948e+00   2.137947e-01   3.922423e-02
3.851243999999999890e+00   2.067049e-01   3.932084e-02
3.855986000000000136e+00   2.029373e-01   3.941157e-02
3.860727999999999938e+00   2.015282e-01   3.958970e-02
3.865470999999999879e+00   2.282008e-01   3.983391e-02
3.870213000000000125e+00   1.730130e-01   3.995332e-02
3.874954999999999927e+00   1.946995e-01   4.010235e-02
3.879697999999999869e+00   1.455816e-01   4.006633e-02
3.884440000000000115e+00   1.611539e-01   4.033077e-02
3.889181999999999917e+00   1.506826e-01   4.039454e-02
3.893924000000000163e+00   1.739767e-01   4.046551e-02
3.898667000000000105e+00   2.291517e-01   4.071724e-02
3.903408999999999907e+00   1.729194e-01   4.090078e-02
3.908151000000000153e+00   2.214990e-01   4.115501e-02
3.912894000000000094e+00   1.604478e-01   4.117360e-02
3.917635999999999896e+00   1.836459e-01   4.127522e-02
3.922378000000000142e+00   1.723585e-01   4.146944e-02
3.927121000000000084e+00   1.084339e-01   4.153330e-02
3.931862999999999886e+00   6.740480e-02   4.166304e-02
3.936605000000000132e+00   1.176231e-01   4.181843e-02
3.941346999999999934e+00   2.358731e-01   4.221372e-02
3.946089999999999876e+00   1.780846e-01   4.229630e-02
3.950832000000000122e+00   1.760073e-01   4.228608e-02
3.955573999999999923e+00   1.154071e-01   4.225238e-02
3.960316999999999865e+00   1.301280e-01   4.240196e-02
3.965059000000000111e+00   2.300604e-01   4.235162e-02
3.969800999999999913e+00   1.890146e-01   4.225715e-02
3.974543999999999855e+00   1.582955e-01   4.224423e-02
3.979286000000000101e+00   1.693378e-01   4.236017e-02
3.984027999999999903e+00   1.512377e-01   4.233463e-02
3.988770000000000149e+00   1.838973e-01   4.254640e-02
3.993513000000000090e+00   1.908426e-01   4.276370e-02
3.998254999999999892e+00   1.390664e-01   4.281814e-02
4.002996999999999694e+00   1.822795e-01   4.282943e-02
4.007740000000000080e+00   1.600082e-01   4.302979e-02
4.012482000000000326e+00   1.650794e-01   4.327394e-02
4.017223999999999684e+00   2.734890e-01   4.369475e-02
4.021967000000000070e+00   2.362508e-01   4.376309e-02
4.026709000000000316e+00   1.953398e-01   4.379365e-02
4.031450999999999674e+00   1.268511e-01   4.383959e-02
4.036192999999999920e+00   1.494642e-01   4.401746e-02
4.040936000000000305e+00   1.015070e-01   4.414853e-02
4.045677999999999663e+00   1.528823e-01   4.428136e-02
4.050419999999999909e+00   2.065392e-01   4.444775e-02
4.055163000000000295e+00   1.959953e-01   4.464772e-02
4.059904999999999653e+00   1.564399e-01   4.475944e-02
4.064646999999999899e+00   1.532282e-01   4.502191e-02
4.069390000000000285e+00   1.134977e-01   4.513456e-02
4.074131999999999643e+00   1.583172e-01   4.531579e-02
4.078873999999999889e+00   1.313300e-01   4.531833e-02
4.083616000000000135e+00   1.461388e-01   4.550315e-02
4.088358999999999632e+00   9.783520e-02   4.571115e-02
4.093100999999999878e+00   1.091381e-01   4.578615e-02
4.097843000000000124e+00   1.469563e-01   4.609850e-02
4.102585999999999622e+00   9.578250e-02   4.610433e-02
4.107327999999999868e+00   1.179074e-01   4.627672e-02
4.112070000000000114e+00   8.748270e-02   4.646444e-02
4.116812999999999612e+00   1.253487e-01   4.667142e-02
4.121554999999999858e+00   1.987451e-01   4.695649e-02
4.126297000000000104e+00   1.640640e-01   4.718950e-02
4.131039000000000350e+00   1.601162e-01   4.737485e-02
4.135781999999999847e+00   1.618653e-01   4.745106e-02
4.140524000000000093e+00   1.704187e-01   4.759805e-02
4.145266000000000339e+00   1.795348e-01   4.780879e-02
4.150008999999999837e+00   1.874715e-01   4.799405e-02
4.154751000000000083e+00   1.393931e-01   4.807549e-02
4.159493000000000329e+00   1.443429e-01   4.815179e-02
4.164235999999999827e+00   6.917330e-02   4.832294e-02
4.168978000000000073e+00   9.022320e-02   4.858218e-02
4.173720000000000319e+00   1.289817e-01   4.892923e-02
4.178461999999999676e+00   1.283162e-01   4.896316e-02
4.183205000000000062e+00   1.911836e-01   4.933232e-02
4.187947000000000308e+00   1.694057e-01   4.937162e-02
4.192688999999999666e+00   1.913545e-01   4.944366e-02
4.197432000000000052e+00   1.895492e-01   4.985561e-02
4.202174000000000298e+00   1.516752e-01   4.980911e-02
4.206915999999999656e+00   1.404477e-01   5.013756e-02
4.211659000000000042e+00   8.945210e-02   5.036379e-02
4.216401000000000288e+00   1.250054e-01   5.043844e-02
4.221142999999999645e+00   1.253927e-01   5.069976e-02
4.225884999999999891e+00   1.980296e-01   5.114089e-02
4.230628000000000277e+00   1.670131e-01   5.130336e-02
4.235369999999999635e+00   2.194109e-01   5.156315e-02
4.240111999999999881e+00   1.882672e-01   5.145478e-02
4.244855000000000267e+00   2.086455e-01   5.177054e-02
4.249596999999999625e+00   1.913649e-01   5.208206e-02
4.254338999999999871e+00   1.838684e-01   5.223679e-02
4.259082000000000257e+00   2.054181e-01   5.258327e-02
4.263823999999999614e+00   1.543090e-01   5.267125e-02
4.268565999999999860e+00   1.397442e-01   5.288293e-02
4.273308000000000106e+00   1.880518e-01   5.312806e-02
4.278050999999999604e+00   2.046805e-01   5.318218e-02
4.282792999999999850e+00   1.619008e-01   5.349879e-02
4.287535000000000096e+00   1.777622e-01   5.361827e-02
4.292277999999999594e+00   2.090013e-01   5.393711e-02
4.297019999999999840e+00   1.568977e-01   5.426192e-02
4.301762000000000086e+00   1.554207e-01   5.443874e-02
4.306504999999999583e+00   1.735108e-01   5.470722e-02
4.311246999999999829e+00   9.655460e-02   5.479786e-02
4.315989000000000075e+00   1.119935e-01   5.496862e-02
4.320731000000000321e+00   2.159712e-01   5.559176e-02
4.325473999999999819e+00   2.031703e-01   5.581184e-02
4.330216000000000065e+00   1.890728e-01   5.595506e-02
4.334958000000000311e+00   1.767143e-01   5.625286e-02
4.339700999999999809e+00   1.434479e-01   5.631646e-02
4.344443000000000055e+00   6.640360e-02   5.663984e-02
4.349185000000000301e+00   1.365113e-01   5.694289e-02
4.353927999999999798e+00   1.767756e-01   5.712893e-02
4.358670000000000044e+00   1.438603e-01   5.729427e-02
4.363412000000000290e+00   1.330348e-01   5.768140e-02
4.368153999999999648e+00   1.293010e-01   5.791375e-02
4.372897000000000034e+00   2.196140e-01   5.846513e-02
4.377639000000000280e+00   1.413937e-01   5.831507e-02
4.382380999999999638e+00   1.533300e-01   5.868393e-02
4.387124000000000024e+00   9.716090e-02   5.880480e-02
4.391866000000000270e+00   1.111538e-01   5.901824e-02
4.396607999999999628e+00   1.385901e-01   5.950934e-02
4.401351000000000013e+00   1.833159e-01   5.977340e-02
4.406093000000000259e+00   2.257038e-01   6.011557e-02
4.410834999999999617e+00   2.384633e-01   6.076856e-02
4.415576999999999863e+00   2.360496e-01   6.124391e-02
4.420320000000000249e+00   1.587200e-01   6.111921e-02
4.425061999999999607e+00   1.270519e-01   6.083744e-02
4.429803999999999853e+00   1.206302e-01   6.087845e-02
4.434547000000000239e+00   1.515465e-01   6.124172e-02
4.439288999999999596e+00   1.625534e-01   6.134296e-02
4.444030999999999842e+00   2.508286e-01   6.145218e-02
4.448774000000000228e+00   1.438453e-01   6.121682e-02
4.453515999999999586e+00   1.365022e-01   6.118691e-02
4.458257999999999832e+00   1.792057e-01   6.145045e-02
4.463000000000000078e+00   2.060841e-01   6.166873e-02
4.467742999999999576e+00   1.993306e-01   6.181289e-02
4.472484999999999822e+00   2.726150e-01   6.226235e-02
4.477227000000000068e+00   2.044070e-01   6.251026e-02
4.481969999999999565e+00   2.593881e-01   6.302272e-02
4.486711999999999811e+00   2.146715e-01   6.328772e-02
4.491454000000000057e+00   1.337461e-01   6.336823e-02
4.496197000000000443e+00   1.748539e-01   6.360182e-02
4.500938999999999801e+00   2.408310e-01   6.444926e-02
4.505681000000000047e+00   1.801106e-01   6.441843e-02
4.510423000000000293e+00   1.740579e-01   6.450517e-02
4.515165999999999791e+00   1.784474e-01   6.521683e-02
4.519908000000000037e+00   1.332402e-01   6.577105e-02
4.524650000000000283e+00   2.426602e-01   6.627148e-02
4.529392999999999780e+00   2.054385e-01   6.642296e-02
4.534135000000000026e+00   1.184941e-01   6.648720e-02
4.538877000000000272e+00   1.760182e-01   6.718463e-02
4.543619999999999770e+00   1.501352e-01   6.746446e-02
4.548362000000000016e+00   1.019422e-01   6.767165e-02
4.553104000000000262e+00   1.727367e-01   6.804864e-02
4.557845999999999620e+00   1.965613e-01   6.890617e-02
4.562589000000000006e+00   2.031739e-01   6.977408e-02
4.567331000000000252e+00   1.939548e-01   6.987641e-02
4.572072999999999610e+00   1.611107e-01   7.016876e-02
4.576815999999999995e+00   1.705038e-01   7.037515e-02
4.581558000000000241e+00   9.219860e-02   7.064341e-02
4.586299999999999599e+00   1.939453e-01   7.136462e-02
4.591042999999999985e+00   1.682612e-01   7.182301e-02
4.595785000000000231e+00   2.198778e-01   7.242393e-02
4.600526999999999589e+00   1.352212e-01   7.255269e-02
4.605268999999999835e+00   1.753603e-01   7.331418e-02
4.610012000000000221e+00   1.575766e-01   7.378642e-02
4.614753999999999579e+00   1.656456e-01   7.443611e-02
4.619495999999999825e+00   1.377951e-01   7.501723e-02
4.624239000000000210e+00   1.425867e-01   7.576760e-02
4.628980999999999568e+00   2.794868e-01   7.609325e-02
4.633722999999999814e+00   1.397635e-01   7.615885e-02
4.638466000000000200e+00   2.243481e-01   7.752051e-02
4.643207999999999558e+00   1.202327e-01   7.768738e-02
4.647949999999999804e+00   1.710948e-01   7.838139e-02
4.652692000000000050e+00   2.185718e-01   7.876269e-02
4.657435000000000436e+00   1.727713e-01   7.924318e-02
4.662176999999999794e+00   1.352421e-01   7.955179e-02
4.666919000000000040e+00   5.613850e-02   8.050104e-02
4.671662000000000425e+00   4.696850e-02   8.090246e-02
4.676403999999999783e+00   1.329119e-01   8.220302e-02
4.681146000000000029e+00   1.658005e-01   8.286585e-02
4.685889000000000415e+00   2.028959e-01   8.334521e-02
4.690630999999999773e+00   2.218325e-01   8.410829e-02
4.695373000000000019e+00   1.498552e-01   8.480702e-02
4.700115000000000265e+00   1.052018e-01   8.540537e-02
4.704857999999999763e+00   9.557480e-02   8.625143e-02
4.709600000000000009e+00   2.038031e-01   8.721405e-02
4.714342000000000255e+00   1.545630e-01   8.762513e-02
4.719084999999999752e+00   3.052904e-01   8.912347e-02
4.723826999999999998e+00   1.505007e-01   8.981859e-02
4.728569000000000244e+00   8.592980e-02   9.065013e-02
4.733311999999999742e+00   1.243276e-01   9.183044e-02
4.738053999999999988e+00   1.929393e-01   9.300069e-02
4.742796000000000234e+00   1.118891e-01   9.359320e-02
4.747537999999999592e+00   1.856928e-01   9.427123e-02
4.752280999999999977e+00   1.399859e-01   9.539315e-02
4.757023000000000224e+00   1.824705e-01   9.630828e-02
4.761764999999999581e+00   1.827561e-01   9.681600e-02
4.766507999999999967e+00   1.841324e-01   9.793788e-02
4.771250000000000213e+00   2.978311e-01   9.985761e-02
4.775991999999999571e+00   2.638161e-01   1.013961e-01
4.780734999999999957e+00   3.119363e-01   1.030449e-01
4.785477000000000203e+00   2.500956e-01   1.040354e-01
4.790218999999999561e+00   1.850265e-01   1.046943e-01
4.794960999999999807e+00   1.490372e-01   1.057221e-01
4.799704000000000192e+00   1.243711e-01   1.072177e-01
4.804446000000000438e+00   1.386815e-01   1.090768e-01
4.809187999999999796e+00   1.137604e-01   1.103490e-01
4.813931000000000182e+00   1.387756e-01   1.122978e-01
4.818673000000000428e+00   3.280650e-02   1.138433e-01
4.823414999999999786e+00   8.084910e-02   1.146885e-01
4.828158000000000172e+00   2.474421e-01   1.179458e-01
4.832900000000000418e+00   2.445058e-01   1.200835e-01
4.837641999999999776e+00   1.719970e-01   1.220735e-01
4.842384000000000022e+00   3.050098e-01   1.244119e-01
4.847127000000000407e+00  -4.094500e-03   1.253090e-01
4.851868999999999765e+00   2.986492e-01   1.270903e-01
4.856611000000000011e+00   1.586395e-01   1.298295e-01
4.861354000000000397e+00   2.044710e-02   1.335746e-01
4.866095999999999755e+00  -5.688500e-03   1.362834e-01
4.870838000000000001e+00   7.679800e-02   1.390542e-01
4.875581000000000387e+00   1.357143e-01   1.430869e-01
4.880322999999999745e+00   1.114023e-01   1.470871e-01
4.885064999999999991e+00   1.194548e-01   1.513550e-01
4.889807000000000237e+00   2.641506e-01   1.566612e-01
4.894549999999999734e+00   2.475592e-01   1.585370e-01
4.899291999999999980e+00   3.005975e-01   1.648626e-01
4.904034000000000226e+00   3.920400e-02   1.692705e-01
4.908776999999999724e+00  -9.073960e-02   1.747510e-01
4.913518999999999970e+00   2.907400e-01   1.835843e-01
4.918261000000000216e+00   3.181136e-01   1.901320e-01
4.923003999999999714e+00   3.055910e-01   1.976613e-01
4.927745999999999960e+00   1.607383e-01   2.060920e-01
4.932488000000000206e+00   1.767692e-01   2.160735e-01
4.937229999999999563e+00   1.279922e-01   2.296067e-01
4.941972999999999949e+00  -1.001595e-01   2.435374e-01
4.946715000000000195e+00  -2.582640e-02   2.641274e-01
4.951457000000000441e+00   2.543856e-01   2.919753e-01
4.956199999999999939e+00   8.416200e-02   3.181496e-01
4.960942000000000185e+00  -7.472020e-02   3.618284e-01
4.965684000000000431e+00   6.953719e-01   4.456496e-01
4.970426999999999929e+00   4.500268e-01   5.601292e-01
4.975169000000000175e+00   2.548202e+00   1.048299e+00