# [2]
# Sample c= 2.5 mg/ml
# Intensity scaled by concentration
# Buffer subtracted data file:
# Protein DatFile = /mntdirect/_data_visitor/mx1633/bm29/20150311/D5TVE/1d/D5TVE_SC_009_ave.dat
# Buffer DatFile = /mntdirect/_data_visitor/mx1633/bm29/20150311/D5TVE/ednaSub/D5TVE_SC_009_ave_averbuffer.dat
# 
# AutoRg: Rg   =   2.8312 +/- 0.41 ( 14.7%)
# AutoRg: I(0) =   34.28 +/- 0.0547
# AutoRg: Points   36 to 81 ( 46 total)
# AutoRg: Quality: 74.5%
# 
# 
# Sample Information:
# Storage Temperature (degrees C): 20.0
# Measurement Temperature (degrees C): 19.98
# Concentration: 2.5
# Code: 
3.369227000000000333e-02   3.078627e+01   3.922115e+00
3.843457000000000123e-02   4.823619e+01   2.056342e+00
4.317686999999999914e-02   4.836181e+01   1.396351e+00
4.791916999999999704e-02   4.581876e+01   1.097476e+00
5.266147000000000189e-02   4.257908e+01   9.098556e-01
5.740376999999999980e-02   3.981532e+01   7.779519e-01
6.214606999999999770e-02   3.905584e+01   6.784100e-01
6.688837000000000255e-02   3.974496e+01   5.957680e-01
7.163066999999999351e-02   3.781791e+01   5.344183e-01
7.637296999999999836e-02   3.754410e+01   4.896312e-01
8.111527000000000320e-02   3.678803e+01   4.545365e-01
8.585756999999999417e-02   3.611629e+01   4.205997e-01
9.059986999999999902e-02   3.580872e+01   3.934785e-01
9.534217000000000386e-02   3.591867e+01   3.755245e-01
1.000845000000000068e-01   3.565135e+01   3.574869e-01
1.048267999999999978e-01   3.558894e+01   3.424168e-01
1.095691000000000026e-01   3.492162e+01   3.275348e-01
1.143113999999999936e-01   3.443674e+01   3.147938e-01
1.190536999999999984e-01   3.445524e+01   3.053699e-01
1.237960000000000033e-01   3.418416e+01   2.940235e-01
1.285382999999999942e-01   3.434479e+01   2.866929e-01
1.332805999999999991e-01   3.412742e+01   2.792718e-01
1.380229000000000039e-01   3.383461e+01   2.726282e-01
1.427652000000000088e-01   3.314361e+01   2.644029e-01
1.475075000000000136e-01   3.288141e+01   2.581004e-01
1.522497999999999907e-01   3.278237e+01   2.528806e-01
1.569920999999999955e-01   3.283009e+01   2.481907e-01
1.617344000000000004e-01   3.252009e+01   2.422791e-01
1.664767000000000052e-01   3.213271e+01   2.367403e-01
1.712190000000000101e-01   3.207744e+01   2.323996e-01
1.759612999999999872e-01   3.147444e+01   2.280623e-01
1.807035999999999920e-01   3.207513e+01   2.250654e-01
1.854458999999999969e-01   3.172276e+01   2.212911e-01
1.901882000000000017e-01   3.147071e+01   2.170692e-01
1.949305000000000065e-01   3.130223e+01   2.139759e-01
1.996728000000000114e-01   3.098229e+01   2.100728e-01
2.044150999999999885e-01   3.064936e+01   2.063669e-01
2.091573999999999933e-01   3.041351e+01   2.034194e-01
2.138996999999999982e-01   3.037757e+01   2.008846e-01
2.186420000000000030e-01   3.031473e+01   1.981790e-01
2.233843000000000079e-01   3.017070e+01   1.953676e-01
2.281266000000000127e-01   2.992983e+01   1.927114e-01
2.328688999999999898e-01   2.970406e+01   1.900461e-01
2.376111999999999946e-01   2.943684e+01   1.873627e-01
2.423534999999999995e-01   2.922958e+01   1.848960e-01
2.470958000000000043e-01   2.895629e+01   1.825252e-01
2.518381000000000092e-01   2.894415e+01   1.805122e-01
2.565803999999999863e-01   2.858941e+01   1.782671e-01
2.613227000000000189e-01   2.866808e+01   1.763129e-01
2.660649999999999959e-01   2.854397e+01   1.746247e-01
2.708072999999999730e-01   2.827152e+01   1.722140e-01
2.755496000000000056e-01   2.786887e+01   1.699747e-01
2.802918999999999827e-01   2.762940e+01   1.678202e-01
2.850342000000000153e-01   2.746870e+01   1.664129e-01
2.897764999999999924e-01   2.731309e+01   1.645944e-01
2.945188000000000250e-01   2.711388e+01   1.650588e-01
2.992611000000000021e-01   2.704653e+01   1.665058e-01
3.040033999999999792e-01   2.679661e+01   1.667079e-01
3.087457000000000118e-01   2.658186e+01   1.664147e-01
3.134879999999999889e-01   2.648835e+01   1.660897e-01
3.182303000000000215e-01   2.624763e+01   1.656142e-01
3.229725999999999986e-01   2.602707e+01   1.647223e-01
3.277148999999999757e-01   2.564380e+01   1.637436e-01
3.324572000000000083e-01   2.529138e+01   1.627654e-01
3.371994999999999854e-01   2.523925e+01   1.621426e-01
3.419418000000000180e-01   2.493237e+01   1.611258e-01
3.466840999999999950e-01   2.471830e+01   1.603502e-01
3.514264000000000276e-01   2.455787e+01   1.596424e-01
3.561687000000000047e-01   2.457676e+01   1.593898e-01
3.609109999999999818e-01   2.427210e+01   1.624896e-01
3.656533000000000144e-01   2.410695e+01   1.645619e-01
3.703955999999999915e-01   2.380110e+01   1.657823e-01
3.751379000000000241e-01   2.368683e+01   1.662943e-01
3.798802000000000012e-01   2.323449e+01   1.665822e-01
3.846224999999999783e-01   2.293267e+01   1.670009e-01
3.893648000000000109e-01   2.294644e+01   1.671307e-01
3.941070999999999880e-01   2.268076e+01   1.676480e-01
3.988494000000000206e-01   2.247260e+01   1.680467e-01
4.035916999999999977e-01   2.225216e+01   1.676573e-01
4.083339999999999748e-01   2.191639e+01   1.675798e-01
4.130763000000000074e-01   2.177459e+01   1.677328e-01
4.178185999999999845e-01   2.197373e+01   1.680440e-01
4.225609000000000171e-01   2.173552e+01   1.679600e-01
4.273031999999999941e-01   2.121895e+01   1.676099e-01
4.320455000000000267e-01   2.125675e+01   1.675072e-01
4.367878000000000038e-01   2.084289e+01   1.663240e-01
4.415300999999999809e-01   2.047629e+01   1.662853e-01
4.462724000000000135e-01   2.035506e+01   1.666200e-01
4.510146999999999906e-01   2.027442e+01   1.708365e-01
4.557570000000000232e-01   2.024111e+01   1.755508e-01
4.604993000000000003e-01   1.988698e+01   1.777095e-01
4.652415999999999774e-01   1.956663e+01   1.794710e-01
4.699839000000000100e-01   1.938565e+01   1.809951e-01
4.747261999999999871e-01   1.899538e+01   1.823650e-01
4.794685000000000197e-01   1.888550e+01   1.837940e-01
4.842107999999999968e-01   1.858242e+01   1.845304e-01
4.889530999999999739e-01   1.861822e+01   1.864778e-01
4.936954000000000065e-01   1.856000e+01   1.880428e-01
4.984376999999999835e-01   1.836914e+01   1.894057e-01
5.031799999999999606e-01   1.795941e+01   1.899542e-01
5.079223000000000487e-01   1.797956e+01   1.911229e-01
5.126646000000000258e-01   1.785398e+01   1.911423e-01
5.174069000000000029e-01   1.754018e+01   1.823683e-01
5.221491999999999800e-01   1.717480e+01   1.772242e-01
5.268914999999999571e-01   1.723246e+01   1.748759e-01
5.316338000000000452e-01   1.700255e+01   1.724519e-01
5.363761000000000223e-01   1.647676e+01   1.694154e-01
5.411183999999999994e-01   1.646041e+01   1.679182e-01
5.458606999999999765e-01   1.624662e+01   1.660285e-01
5.506029999999999536e-01   1.575974e+01   1.638560e-01
5.553453000000000417e-01   1.587037e+01   1.630057e-01
5.600876000000000188e-01   1.553719e+01   1.615018e-01
5.648298999999999959e-01   1.536229e+01   1.600178e-01
5.695721999999999730e-01   1.527064e+01   1.588717e-01
5.743144999999999500e-01   1.505940e+01   1.578835e-01
5.790568000000000382e-01   1.471324e+01   1.558619e-01
5.837991000000000152e-01   1.433321e+01   1.541096e-01
5.885413999999999923e-01   1.421212e+01   1.525177e-01
5.932836999999999694e-01   1.419611e+01   1.510997e-01
5.980259999999999465e-01   1.432107e+01   1.501880e-01
6.027683000000000346e-01   1.382699e+01   1.481719e-01
6.075106000000000117e-01   1.355641e+01   1.465056e-01
6.122528999999999888e-01   1.327734e+01   1.454093e-01
6.169951999999999659e-01   1.317823e+01   1.441300e-01
6.217375000000000540e-01   1.307786e+01   1.427882e-01
6.264798000000000311e-01   1.287537e+01   1.414806e-01
6.312221000000000082e-01   1.258813e+01   1.404593e-01
6.359643999999999853e-01   1.260836e+01   1.398083e-01
6.407066999999999624e-01   1.217576e+01   1.386081e-01
6.454490000000000505e-01   1.216514e+01   1.380240e-01
6.501913000000000276e-01   1.205925e+01   1.374658e-01
6.549336000000000046e-01   1.189631e+01   1.369736e-01
6.596758999999999817e-01   1.164225e+01   1.364407e-01
6.644181999999999588e-01   1.178093e+01   1.359670e-01
6.691605000000000469e-01   1.144357e+01   1.350104e-01
6.739028000000000240e-01   1.130682e+01   1.343474e-01
6.786451000000000011e-01   1.101540e+01   1.333107e-01
6.833873999999999782e-01   1.109294e+01   1.327541e-01
6.881296999999999553e-01   1.086862e+01   1.321337e-01
6.928720000000000434e-01   1.096824e+01   1.319437e-01
6.976143000000000205e-01   1.053367e+01   1.304876e-01
7.023565999999999976e-01   1.042389e+01   1.300182e-01
7.070988999999999747e-01   1.016325e+01   1.291842e-01
7.118411999999999518e-01   1.024053e+01   1.289951e-01
7.165835000000000399e-01   9.896030e+00   1.279036e-01
7.213258000000000170e-01   9.607050e+00   1.268841e-01
7.260680999999999941e-01   9.699165e+00   1.269550e-01
7.308103999999999711e-01   9.539892e+00   1.260243e-01
7.355526999999999482e-01   9.537585e+00   1.258380e-01
7.402950000000000363e-01   9.265618e+00   1.246653e-01
7.450373000000000134e-01   9.180534e+00   1.241916e-01
7.497795999999999905e-01   8.997360e+00   1.236305e-01
7.545218999999999676e-01   8.794970e+00   1.231063e-01
7.592641999999999447e-01   8.672085e+00   1.225730e-01
7.640065000000000328e-01   8.666756e+00   1.219716e-01
7.687488000000000099e-01   8.456730e+00   1.211286e-01
7.734910999999999870e-01   8.240966e+00   1.202868e-01
7.782333999999999641e-01   8.249627e+00   1.198950e-01
7.829757000000000522e-01   8.084197e+00   1.196427e-01
7.877180000000000293e-01   7.903625e+00   1.189369e-01
7.924603000000000064e-01   7.554642e+00   1.180388e-01
7.972025999999999835e-01   7.498282e+00   1.172563e-01
8.019448999999999605e-01   7.414084e+00   1.171605e-01
8.066872000000000487e-01   7.434198e+00   1.168622e-01
8.114295000000000258e-01   7.469466e+00   1.167552e-01
8.161718000000000028e-01   7.150168e+00   1.155691e-01
8.209140999999999799e-01   6.972505e+00   1.150166e-01
8.256563999999999570e-01   6.993455e+00   1.149022e-01
8.303987000000000451e-01   6.977930e+00   1.142581e-01
8.351410000000000222e-01   6.721643e+00   1.136297e-01
8.398832999999999993e-01   6.672713e+00   1.131410e-01
8.446255999999999764e-01   6.624765e+00   1.129170e-01
8.493678999999999535e-01   6.411965e+00   1.119542e-01
8.541102000000000416e-01   6.211269e+00   1.111340e-01
8.588525000000000187e-01   6.364105e+00   1.113011e-01
8.635947999999999958e-01   6.251812e+00   1.111915e-01
8.683370999999999729e-01   6.147493e+00   1.105847e-01
8.730793999999999500e-01   5.975714e+00   1.098821e-01
8.778217000000000381e-01   5.869659e+00   1.091585e-01
8.825640000000000152e-01   5.812233e+00   1.089215e-01
8.873062999999999922e-01   5.819776e+00   1.085088e-01
8.920485999999999693e-01   5.583588e+00   1.083001e-01
8.967908999999999464e-01   5.606709e+00   1.079328e-01
9.015332000000000345e-01   5.558481e+00   1.075434e-01
9.062755000000000116e-01   5.400683e+00   1.068857e-01
9.110177999999999887e-01   5.205904e+00   1.059492e-01
9.157600999999999658e-01   5.234270e+00   1.058718e-01
9.205024000000000539e-01   5.037463e+00   1.053010e-01
9.252447000000000310e-01   5.050909e+00   1.050347e-01
9.299870000000000081e-01   5.082033e+00   1.049583e-01
9.347292999999999852e-01   4.959546e+00   1.043891e-01
9.394715999999999623e-01   4.693157e+00   1.039334e-01
9.442139000000000504e-01   4.782555e+00   1.037675e-01
9.489562000000000275e-01   4.596769e+00   1.033286e-01
9.536985000000000046e-01   4.623561e+00   1.030546e-01
9.584407999999999817e-01   4.485091e+00   1.021790e-01
9.631830999999999587e-01   4.531767e+00   1.020926e-01
9.679254000000000469e-01   4.399756e+00   1.017426e-01
9.726677000000000239e-01   4.418390e+00   1.015821e-01
9.774100000000000010e-01   4.228024e+00   1.012597e-01
9.821522999999999781e-01   4.137927e+00   1.008129e-01
9.868945999999999552e-01   4.074354e+00   1.003924e-01
9.916369000000000433e-01   3.870225e+00   9.959985e-02
9.963792000000000204e-01   3.911720e+00   9.948078e-02
1.001120999999999928e+00   3.961579e+00   9.946388e-02
1.005864000000000091e+00   3.880378e+00   9.912265e-02
1.010605999999999893e+00   3.883980e+00   9.862462e-02
1.015347999999999917e+00   3.790358e+00   9.841248e-02
1.020091000000000081e+00   3.726052e+00   9.805728e-02
1.024833000000000105e+00   3.787542e+00   9.816077e-02
1.029574999999999907e+00   3.838277e+00   9.796161e-02
1.034318000000000071e+00   3.629231e+00   9.715168e-02
1.039060000000000095e+00   3.551543e+00   9.704799e-02
1.043801999999999897e+00   3.311737e+00   9.629077e-02
1.048543999999999921e+00   3.383451e+00   9.629700e-02
1.053287000000000084e+00   3.364502e+00   9.593828e-02
1.058029000000000108e+00   3.290181e+00   9.568832e-02
1.062770999999999910e+00   3.280549e+00   9.564392e-02
1.067514000000000074e+00   3.213014e+00   9.502393e-02
1.072256000000000098e+00   3.223590e+00   9.475075e-02
1.076997999999999900e+00   3.132576e+00   9.453250e-02
1.081741000000000064e+00   3.081586e+00   9.416429e-02
1.086483000000000088e+00   3.009782e+00   9.425471e-02
1.091224999999999890e+00   2.929089e+00   9.361312e-02
1.095966999999999913e+00   2.894403e+00   9.350326e-02
1.100710000000000077e+00   2.879504e+00   9.336262e-02
1.105452000000000101e+00   2.938792e+00   9.324456e-02
1.110193999999999903e+00   2.793349e+00   9.258819e-02
1.114937000000000067e+00   2.757612e+00   9.252994e-02
1.119679000000000091e+00   2.695699e+00   9.216992e-02
1.124420999999999893e+00   2.738266e+00   9.202309e-02
1.129164000000000057e+00   2.705735e+00   9.176036e-02
1.133906000000000081e+00   2.724149e+00   9.179676e-02
1.138648000000000104e+00   2.758049e+00   9.157789e-02
1.143389999999999906e+00   2.595044e+00   9.087692e-02
1.148133000000000070e+00   2.506531e+00   9.072007e-02
1.152875000000000094e+00   2.517942e+00   9.057692e-02
1.157616999999999896e+00   2.425932e+00   9.028908e-02
1.162360000000000060e+00   2.366361e+00   9.020094e-02
1.167102000000000084e+00   2.334972e+00   8.980640e-02
1.171844000000000108e+00   2.309661e+00   8.943217e-02
1.176587000000000049e+00   2.304116e+00   8.928487e-02
1.181329000000000073e+00   2.186971e+00   8.927880e-02
1.186071000000000097e+00   2.124827e+00   8.867851e-02
1.190812999999999899e+00   2.101234e+00   8.863521e-02
1.195556000000000063e+00   2.131628e+00   8.846878e-02
1.200298000000000087e+00   2.196486e+00   8.835327e-02
1.205039999999999889e+00   2.173944e+00   8.809507e-02
1.209783000000000053e+00   2.068534e+00   8.794666e-02
1.214525000000000077e+00   2.091541e+00   8.796513e-02
1.219267000000000101e+00   2.147341e+00   8.761710e-02
1.224010000000000042e+00   2.020373e+00   8.728127e-02
1.228752000000000066e+00   1.950416e+00   8.705381e-02
1.233494000000000090e+00   1.986297e+00   8.733844e-02
1.238235999999999892e+00   1.919914e+00   8.677078e-02
1.242979000000000056e+00   1.851859e+00   8.644995e-02
1.247721000000000080e+00   1.614912e+00   8.609695e-02
1.252463000000000104e+00   1.783290e+00   8.634234e-02
1.257206000000000046e+00   1.711267e+00   8.829222e-02
1.261948000000000070e+00   1.712104e+00   9.053677e-02
1.266690000000000094e+00   1.728708e+00   9.183193e-02
1.271433000000000035e+00   1.843319e+00   9.296449e-02
1.276175000000000059e+00   1.682513e+00   9.396474e-02
1.280917000000000083e+00   1.694414e+00   9.500484e-02
1.285659000000000107e+00   1.685475e+00   9.585344e-02
1.290402000000000049e+00   1.668184e+00   9.654495e-02
1.295144000000000073e+00   1.540403e+00   9.741119e-02
1.299886000000000097e+00   1.776095e+00   9.845909e-02
1.304629000000000039e+00   1.647986e+00   9.894113e-02
1.309371000000000063e+00   1.493418e+00   9.895638e-02
1.314113000000000087e+00   1.679946e+00   9.918465e-02
1.318856000000000028e+00   1.609881e+00   9.887394e-02
1.323598000000000052e+00   1.437570e+00   9.503691e-02
1.328340000000000076e+00   1.460859e+00   9.281757e-02
1.333082000000000100e+00   1.579546e+00   9.134572e-02
1.337825000000000042e+00   1.503200e+00   8.988927e-02
1.342567000000000066e+00   1.607204e+00   8.915272e-02
1.347309000000000090e+00   1.436595e+00   8.825278e-02
1.352052000000000032e+00   1.500050e+00   8.757326e-02
1.356794000000000056e+00   1.359388e+00   8.669818e-02
1.361536000000000080e+00   1.354888e+00   8.614587e-02
1.366279000000000021e+00   1.391375e+00   8.558988e-02
1.371021000000000045e+00   1.304627e+00   8.482403e-02
1.375763000000000069e+00   1.395740e+00   8.477806e-02
1.380505000000000093e+00   1.311866e+00   8.440276e-02
1.385248000000000035e+00   1.329731e+00   8.422989e-02
1.389990000000000059e+00   1.267146e+00   8.408885e-02
1.394732000000000083e+00   1.246554e+00   8.387203e-02
1.399475000000000025e+00   1.222772e+00   8.367166e-02
1.404217000000000048e+00   1.347169e+00   8.346349e-02
1.408959000000000072e+00   1.214617e+00   8.320172e-02
1.413702000000000014e+00   1.307993e+00   8.303389e-02
1.418444000000000038e+00   1.162641e+00   8.277184e-02
1.423186000000000062e+00   1.213149e+00   8.285919e-02
1.427928000000000086e+00   1.113647e+00   8.245382e-02
1.432671000000000028e+00   1.015347e+00   8.200395e-02
1.437413000000000052e+00   1.105536e+00   8.221555e-02
1.442155000000000076e+00   1.082888e+00   8.178529e-02
1.446898000000000017e+00   1.067314e+00   8.164534e-02
1.451640000000000041e+00   9.493688e-01   8.149299e-02
1.456382000000000065e+00   9.925788e-01   8.121237e-02
1.461125000000000007e+00   1.108652e+00   8.115119e-02
1.465867000000000031e+00   1.078340e+00   8.118855e-02
1.470609000000000055e+00   1.040579e+00   8.096923e-02
1.475351000000000079e+00   1.095079e+00   8.071812e-02
1.480094000000000021e+00   1.062404e+00   8.063576e-02
1.484836000000000045e+00   9.299394e-01   8.027846e-02
1.489578000000000069e+00   9.316962e-01   8.014294e-02
1.494321000000000010e+00   1.008025e+00   8.099004e-02
1.499063000000000034e+00   9.851092e-01   8.343801e-02
1.503805000000000058e+00   7.882440e-01   8.465543e-02
1.508548000000000000e+00   8.756342e-01   8.596055e-02
1.513290000000000024e+00   8.500294e-01   8.705323e-02
1.518032000000000048e+00   8.069364e-01   8.817537e-02
1.522774000000000072e+00   7.657716e-01   8.645045e-02
1.527517000000000014e+00   9.291860e-01   8.446439e-02
1.532259000000000038e+00   8.143396e-01   8.307663e-02
1.537001000000000062e+00   8.609806e-01   8.202147e-02
1.541744000000000003e+00   9.726088e-01   8.138096e-02
1.546486000000000027e+00   9.066882e-01   8.051590e-02
1.551228000000000051e+00   7.674180e-01   7.996397e-02
1.555970999999999993e+00   7.044670e-01   7.975650e-02
1.560713000000000017e+00   7.825588e-01   7.954292e-02
1.565455000000000041e+00   7.905368e-01   7.899589e-02
1.570197000000000065e+00   8.041394e-01   7.873356e-02
1.574940000000000007e+00   7.867020e-01   7.807373e-02
1.579682000000000031e+00   7.237540e-01   7.772686e-02
1.584424000000000055e+00   7.782932e-01   7.775779e-02
1.589166999999999996e+00   9.474244e-01   7.795224e-02
1.593909000000000020e+00   8.885624e-01   7.776907e-02
1.598651000000000044e+00   7.325088e-01   7.788560e-02
1.603393999999999986e+00   7.194724e-01   7.783550e-02
1.608136000000000010e+00   6.813934e-01   7.786600e-02
1.612878000000000034e+00   7.942078e-01   7.792018e-02
1.617620000000000058e+00   7.123942e-01   7.757704e-02
1.622363000000000000e+00   7.049122e-01   7.747575e-02
1.627105000000000024e+00   7.073802e-01   7.731531e-02
1.631847000000000047e+00   6.639792e-01   7.718785e-02
1.636589999999999989e+00   7.027558e-01   7.680048e-02
1.641332000000000013e+00   5.473372e-01   7.658299e-02
1.646074000000000037e+00   5.815478e-01   7.665643e-02
1.650816999999999979e+00   6.334992e-01   7.640219e-02
1.655559000000000003e+00   6.438582e-01   7.635558e-02
1.660301000000000027e+00   7.300382e-01   7.629425e-02
1.665043000000000051e+00   7.324524e-01   7.626018e-02
1.669785999999999992e+00   6.733354e-01   7.595088e-02
1.674528000000000016e+00   5.739902e-01   7.568876e-02
1.679270000000000040e+00   5.584738e-01   7.561353e-02
1.684012999999999982e+00   4.762262e-01   7.532089e-02
1.688755000000000006e+00   5.377798e-01   7.523716e-02
1.693497000000000030e+00   5.659696e-01   7.535088e-02
1.698239999999999972e+00   5.972516e-01   7.525928e-02
1.702981999999999996e+00   6.399628e-01   7.521285e-02
1.707724000000000020e+00   5.488262e-01   7.506766e-02
1.712466000000000044e+00   4.703074e-01   7.480303e-02
1.717208999999999985e+00   5.872602e-01   7.459923e-02
1.721951000000000009e+00   6.133738e-01   7.476290e-02
1.726693000000000033e+00   6.271398e-01   7.475032e-02
1.731435999999999975e+00   5.538836e-01   7.459729e-02
1.736177999999999999e+00   4.648814e-01   7.425476e-02
1.740920000000000023e+00   4.068424e-01   7.416101e-02
1.745662999999999965e+00   5.591706e-01   7.415326e-02
1.750404999999999989e+00   5.521742e-01   7.408624e-02
1.755147000000000013e+00   6.019516e-01   7.405422e-02
1.759889000000000037e+00   5.695002e-01   7.397556e-02
1.764631999999999978e+00   4.579390e-01   7.379489e-02
1.769374000000000002e+00   5.851940e-01   7.366592e-02
1.774116000000000026e+00   6.290432e-01   7.359347e-02
1.778858999999999968e+00   6.361786e-01   7.349092e-02
1.783600999999999992e+00   5.499894e-01   7.334146e-02
1.788343000000000016e+00   4.258784e-01   7.306890e-02
1.793085999999999958e+00   5.405758e-01   7.307196e-02
1.797827999999999982e+00   5.069852e-01   7.304073e-02
1.802570000000000006e+00   4.907406e-01   7.304011e-02
1.807312000000000030e+00   5.026468e-01   7.289280e-02
1.812054999999999971e+00   4.658658e-01   7.265257e-02
1.816796999999999995e+00   4.071474e-01   7.244839e-02
1.821539000000000019e+00   4.807030e-01   7.255325e-02
1.826281999999999961e+00   4.134736e-01   7.242654e-02
1.831023999999999985e+00   4.585316e-01   7.215436e-02
1.835766000000000009e+00   4.448264e-01   7.194179e-02
1.840508999999999951e+00   3.867662e-01   7.193432e-02
1.845250999999999975e+00   4.127884e-01   7.184820e-02
1.849992999999999999e+00   3.072950e-01   7.165851e-02
1.854735000000000023e+00   4.315620e-01   7.168929e-02
1.859477999999999964e+00   4.151772e-01   7.169831e-02
1.864219999999999988e+00   3.848932e-01   7.144979e-02
1.868962000000000012e+00   4.315004e-01   7.145877e-02
1.873704999999999954e+00   4.206668e-01   7.134056e-02
1.878446999999999978e+00   3.973084e-01   7.134519e-02
1.883189000000000002e+00   4.546446e-01   7.124279e-02
1.887931999999999944e+00   4.843510e-01   7.118490e-02
1.892673999999999968e+00   3.474668e-01   7.090461e-02
1.897415999999999991e+00   3.686206e-01   7.096416e-02
1.902158000000000015e+00   4.055044e-01   7.095034e-02
1.906900999999999957e+00   3.515950e-01   7.071066e-02
1.911642999999999981e+00   3.776214e-01   7.048135e-02
1.916385000000000005e+00   3.785958e-01   7.053013e-02
1.921127999999999947e+00   3.552668e-01   7.052402e-02
1.925869999999999971e+00   3.742682e-01   7.047632e-02
1.930611999999999995e+00   4.258928e-01   7.047415e-02
1.935354999999999936e+00   3.667646e-01   7.014269e-02
1.940096999999999960e+00   3.566104e-01   7.001987e-02
1.944838999999999984e+00   4.625114e-01   7.008901e-02
1.949581000000000008e+00   4.490716e-01   6.992836e-02
1.954323999999999950e+00   3.693800e-01   6.976808e-02
1.959065999999999974e+00   3.972824e-01   6.971764e-02
1.963807999999999998e+00   4.324474e-01   6.954588e-02
1.968550999999999940e+00   3.354974e-01   6.918029e-02
1.973292999999999964e+00   2.679636e-01   6.907042e-02
1.978034999999999988e+00   2.426050e-01   6.888701e-02
1.982777999999999929e+00   3.028222e-01   6.892559e-02
1.987519999999999953e+00   3.275930e-01   6.873570e-02
1.992261999999999977e+00   3.032404e-01   6.881464e-02
1.997004000000000001e+00   3.962176e-01   6.887878e-02
2.001746999999999943e+00   4.208642e-01   6.877058e-02
2.006489000000000189e+00   3.217148e-01   6.852095e-02
2.011230999999999991e+00   3.315302e-01   6.870086e-02
2.015973999999999933e+00   4.332244e-01   6.897648e-02
2.020716000000000179e+00   4.191998e-01   6.870885e-02
2.025457999999999981e+00   3.734310e-01   6.873761e-02
2.030200999999999922e+00   3.372998e-01   6.866462e-02
2.034943000000000168e+00   2.658814e-01   6.853408e-02
2.039684999999999970e+00   3.876972e-01   6.838547e-02
2.044427000000000216e+00   3.884532e-01   6.822688e-02
2.049170000000000158e+00   2.649042e-01   6.813625e-02
2.053911999999999960e+00   2.994334e-01   6.813167e-02
2.058654000000000206e+00   2.128108e-01   6.814815e-02
2.063397000000000148e+00   3.745076e-01   6.974443e-02
2.068138999999999950e+00   2.851282e-01   7.123203e-02
2.072881000000000196e+00   2.494190e-01   7.215685e-02
2.077624000000000137e+00   2.506080e-01   7.292694e-02
2.082365999999999939e+00   2.451874e-01   7.379429e-02
2.087108000000000185e+00   2.704216e-01   7.450246e-02
2.091849999999999987e+00   2.066804e-01   7.498678e-02
2.096592999999999929e+00   2.232318e-01   7.507545e-02
2.101335000000000175e+00   2.172394e-01   7.537595e-02
2.106076999999999977e+00   1.853776e-01   7.576175e-02
2.110819999999999919e+00   2.843944e-01   7.591425e-02
2.115562000000000165e+00   2.321668e-01   7.605624e-02
2.120303999999999967e+00   1.904588e-01   7.608425e-02
2.125046999999999908e+00   2.065810e-01   7.570012e-02
2.129789000000000154e+00   2.122032e-01   7.366690e-02
2.134530999999999956e+00   1.828676e-01   7.201206e-02
2.139273000000000202e+00   2.124396e-01   7.116693e-02
2.144016000000000144e+00   2.145896e-01   7.045570e-02
2.148757999999999946e+00   2.930708e-01   6.992912e-02
2.153500000000000192e+00   3.497604e-01   6.953516e-02
2.158243000000000134e+00   3.254656e-01   6.910614e-02
2.162984999999999935e+00   2.666568e-01   6.870565e-02
2.167727000000000182e+00   2.518146e-01   6.854498e-02
2.172470000000000123e+00   1.966146e-01   6.860093e-02
2.177211999999999925e+00   3.221488e-01   6.835729e-02
2.181954000000000171e+00   2.971436e-01   6.824432e-02
2.186695999999999973e+00   3.371810e-01   6.818354e-02
2.191438999999999915e+00   2.688154e-01   6.795401e-02
2.196181000000000161e+00   3.095728e-01   6.789386e-02
2.200922999999999963e+00   2.848560e-01   6.766193e-02
2.205665999999999904e+00   2.119900e-01   6.746586e-02
2.210408000000000150e+00   2.884210e-01   6.747017e-02
2.215149999999999952e+00   2.520360e-01   6.739131e-02
2.219892999999999894e+00   1.938936e-01   6.716775e-02
2.224635000000000140e+00   3.106050e-01   6.718551e-02
2.229376999999999942e+00   2.316670e-01   6.692552e-02
2.234119000000000188e+00   3.031670e-01   6.682711e-02
2.238862000000000130e+00   2.493064e-01   6.681040e-02
2.243603999999999932e+00   3.160412e-01   6.675769e-02
2.248346000000000178e+00   2.596608e-01   6.693671e-02
2.253089000000000119e+00   1.800220e-01   6.658320e-02
2.257830999999999921e+00   3.234688e-01   6.652650e-02
2.262573000000000167e+00   2.717546e-01   6.624345e-02
2.267316000000000109e+00   2.377834e-01   6.611686e-02
2.272057999999999911e+00   1.837304e-01   6.606363e-02
2.276800000000000157e+00   1.899984e-01   6.590781e-02
2.281541999999999959e+00   3.406992e-01   6.612880e-02
2.286284999999999901e+00   2.332560e-01   6.573809e-02
2.291027000000000147e+00   1.718534e-01   6.558114e-02
2.295768999999999949e+00   2.952744e-01   6.575807e-02
2.300511999999999890e+00   2.670998e-01   6.574442e-02
2.305254000000000136e+00   2.857006e-01   6.572405e-02
2.309995999999999938e+00   1.665686e-01   6.564269e-02
2.314738999999999880e+00   1.737946e-01   6.546563e-02
2.319481000000000126e+00   1.226956e-01   6.526718e-02
2.324222999999999928e+00   2.232542e-01   6.543963e-02
2.328965000000000174e+00   2.500988e-01   6.525595e-02
2.333708000000000116e+00   1.492864e-01   6.519744e-02
2.338449999999999918e+00   2.541474e-01   6.520887e-02
2.343192000000000164e+00   2.434424e-01   6.496922e-02
2.347935000000000105e+00   2.297430e-01   6.494352e-02
2.352676999999999907e+00   1.598988e-01   6.483753e-02
2.357419000000000153e+00   1.890930e-01   6.466210e-02
2.362162000000000095e+00   3.102606e-01   6.484682e-02
2.366903999999999897e+00   1.948462e-01   6.465000e-02
2.371646000000000143e+00   2.706418e-01   6.455748e-02
2.376387999999999945e+00   3.221848e-01   6.451980e-02
2.381130999999999887e+00   2.707022e-01   6.437194e-02
2.385873000000000133e+00   2.300582e-01   6.440012e-02
2.390614999999999934e+00   2.219486e-01   6.433312e-02
2.395357999999999876e+00   2.456268e-01   6.423007e-02
2.400100000000000122e+00   1.965712e-01   6.411491e-02
2.404841999999999924e+00   8.240460e-02   6.390167e-02
2.409584999999999866e+00   2.189116e-01   6.401944e-02
2.414327000000000112e+00   2.046064e-01   6.391708e-02
2.419068999999999914e+00   2.448812e-01   6.389611e-02
2.423811000000000160e+00   2.524332e-01   6.375775e-02
2.428554000000000102e+00   2.925648e-01   6.377828e-02
2.433295999999999903e+00   2.144636e-01   6.355936e-02
2.438038000000000149e+00   1.508434e-01   6.333593e-02
2.442781000000000091e+00   1.749132e-01   6.340084e-02
2.447522999999999893e+00   2.691998e-01   6.338008e-02
2.452265000000000139e+00   2.560122e-01   6.336272e-02
2.457008000000000081e+00   2.954528e-01   6.330248e-02
2.461749999999999883e+00   2.374852e-01   6.330650e-02
2.466492000000000129e+00   2.872820e-01   6.341982e-02
2.471233999999999931e+00   2.607786e-01   6.315383e-02
2.475976999999999872e+00   1.938320e-01   6.304067e-02
2.480719000000000118e+00   1.356862e-01   6.290495e-02
2.485460999999999920e+00   1.597882e-01   6.292557e-02
2.490203999999999862e+00   1.843394e-01   6.273101e-02
2.494946000000000108e+00   1.713062e-01   6.281345e-02
2.499687999999999910e+00   2.098546e-01   6.282664e-02
2.504430999999999852e+00   1.562794e-01   6.261004e-02
2.509173000000000098e+00   1.763680e-01   6.247873e-02
2.513914999999999900e+00   8.161420e-02   6.229409e-02
2.518657000000000146e+00   1.044870e-01   6.251730e-02
2.523400000000000087e+00   1.940012e-01   6.243139e-02
2.528141999999999889e+00   2.210876e-01   6.241552e-02
2.532884000000000135e+00   2.947370e-01   6.239805e-02
2.537627000000000077e+00   2.123350e-01   6.217683e-02
2.542368999999999879e+00   2.159042e-01   6.220618e-02
2.547111000000000125e+00   1.732706e-01   6.207846e-02
2.551854000000000067e+00   1.754160e-01   6.189892e-02
2.556595999999999869e+00   9.751520e-02   6.165147e-02
2.561338000000000115e+00   1.482996e-01   6.156446e-02
2.566079999999999917e+00   1.784138e-01   6.156712e-02
2.570822999999999858e+00   1.674346e-01   6.159037e-02
2.575565000000000104e+00   1.511148e-01   6.143386e-02
2.580306999999999906e+00   1.083698e-01   6.133557e-02
2.585049999999999848e+00   2.389658e-01   6.129875e-02
2.589792000000000094e+00   1.595470e-01   6.127617e-02
2.594533999999999896e+00   1.905632e-01   6.128354e-02
2.599276999999999838e+00   1.628720e-01   6.131839e-02
2.604019000000000084e+00   2.318338e-01   6.142071e-02
2.608760999999999886e+00   2.193628e-01   6.132295e-02
2.613503000000000132e+00   1.917970e-01   6.131782e-02
2.618246000000000073e+00   1.513238e-01   6.124515e-02
2.622987999999999875e+00   1.891706e-01   6.104651e-02
2.627730000000000121e+00   2.083190e-01   6.105696e-02
2.632473000000000063e+00   2.679108e-01   6.113907e-02
2.637214999999999865e+00   1.412338e-01   6.101396e-02
2.641957000000000111e+00   9.306520e-02   6.096859e-02
2.646700000000000053e+00   1.365198e-01   6.097754e-02
2.651441999999999855e+00   2.029066e-01   6.083992e-02
2.656184000000000101e+00   1.779134e-01   6.074347e-02
2.660925999999999902e+00   2.161484e-01   6.076920e-02
2.665668999999999844e+00   2.381032e-01   6.068880e-02
2.670411000000000090e+00   2.170162e-01   6.064214e-02
2.675152999999999892e+00   2.143106e-01   6.043909e-02
2.679895999999999834e+00   1.495084e-01   6.037846e-02
2.684638000000000080e+00   1.836528e-01   6.036219e-02
2.689379999999999882e+00   1.685172e-01   6.023024e-02
2.694122999999999823e+00   2.140632e-01   6.029628e-02
2.698865000000000069e+00   3.310956e-01   6.053486e-02
2.703606999999999871e+00   1.752276e-01   6.027187e-02
2.708349000000000117e+00   1.528038e-01   6.010901e-02
2.713092000000000059e+00   1.213526e-01   6.002045e-02
2.717833999999999861e+00   2.115580e-01   6.007447e-02
2.722576000000000107e+00   2.066354e-01   6.007526e-02
2.727319000000000049e+00   2.196984e-01   6.009824e-02
2.732060999999999851e+00   2.416066e-01   5.998188e-02
2.736803000000000097e+00   1.011194e-01   5.971219e-02
2.741546000000000038e+00   1.917718e-01   5.988567e-02
2.746287999999999840e+00   2.894394e-01   5.990155e-02
2.751030000000000086e+00   1.339064e-01   5.963244e-02
2.755771999999999888e+00   8.906120e-02   5.960846e-02
2.760514999999999830e+00   1.422730e-01   5.952112e-02
2.765257000000000076e+00   1.797896e-01   5.957453e-02
2.769998999999999878e+00   1.098668e-01   5.945521e-02
2.774741999999999820e+00   1.794854e-01   5.948236e-02
2.779484000000000066e+00   2.410152e-01   5.942040e-02
2.784225999999999868e+00   2.754130e-01   5.948430e-02
2.788968999999999809e+00   3.351680e-01   5.946083e-02
2.793711000000000055e+00   3.081080e-01   5.934222e-02
2.798452999999999857e+00   2.404010e-01   5.928472e-02
2.803195000000000103e+00   2.328436e-01   5.925358e-02
2.807938000000000045e+00   1.901140e-01   5.904936e-02
2.812679999999999847e+00   1.674676e-01   5.898335e-02
2.817422000000000093e+00   1.772396e-01   5.907615e-02
2.822165000000000035e+00   1.901282e-01   5.910844e-02
2.826906999999999837e+00   1.206362e-01   5.887617e-02
2.831649000000000083e+00   2.053136e-01   5.892017e-02
2.836392000000000024e+00   1.281114e-01   5.871515e-02
2.841133999999999826e+00   4.630660e-02   5.872646e-02
2.845876000000000072e+00   1.527160e-01   5.881507e-02
2.850617999999999874e+00   1.421328e-01   5.859018e-02
2.855360999999999816e+00   2.416204e-01   5.862832e-02
2.860103000000000062e+00   2.517472e-01   5.869257e-02
2.864844999999999864e+00   2.737214e-01   5.887530e-02
2.869587999999999806e+00   2.255942e-01   6.033390e-02
2.874330000000000052e+00   1.884952e-01   6.111883e-02
2.879071999999999854e+00   1.543076e-01   6.189316e-02
2.883814999999999795e+00   1.615252e-01   6.247688e-02
2.888557000000000041e+00   1.432998e-01   6.307794e-02
2.893298999999999843e+00   1.888330e-01   6.323382e-02
2.898041000000000089e+00   3.065950e-01   6.348761e-02
2.902784000000000031e+00   2.092522e-01   6.364881e-02
2.907525999999999833e+00   1.604276e-01   6.370553e-02
2.912268000000000079e+00   1.820088e-01   6.397026e-02
2.917011000000000021e+00   1.784154e-01   6.401664e-02
2.921752999999999822e+00   1.923092e-01   6.425314e-02
2.926495000000000068e+00   2.041762e-01   6.436147e-02
2.931238000000000010e+00   2.063426e-01   6.393785e-02
2.935979999999999812e+00   1.701394e-01   6.236210e-02
2.940722000000000058e+00   2.093860e-01   6.128746e-02
2.945463999999999860e+00   1.935244e-01   6.067082e-02
2.950206999999999802e+00   1.970776e-01   6.002912e-02
2.954949000000000048e+00   1.830306e-01   5.981579e-02
2.959690999999999850e+00   1.652788e-01   5.958045e-02
2.964433999999999791e+00   1.512322e-01   5.957306e-02
2.969176000000000037e+00   2.150518e-01   5.942557e-02
2.973917999999999839e+00   2.467706e-01   5.937376e-02
2.978660999999999781e+00   1.936640e-01   5.902514e-02
2.983403000000000027e+00   1.448120e-01   5.905600e-02
2.988144999999999829e+00   1.288066e-01   5.905407e-02
2.992887000000000075e+00   2.405184e-01   5.903018e-02
2.997630000000000017e+00   1.560258e-01   5.871862e-02
3.002371999999999819e+00   1.400894e-01   5.855225e-02
3.007114000000000065e+00   1.197326e-01   5.854672e-02
3.011857000000000006e+00   1.704690e-01   5.843519e-02
3.016598999999999808e+00   1.336714e-01   5.841152e-02
3.021341000000000054e+00   1.764758e-01   5.838364e-02
3.026083999999999996e+00   2.450864e-01   5.834466e-02
3.030825999999999798e+00   2.231080e-01   5.829366e-02
3.035568000000000044e+00   2.071366e-01   5.812518e-02
3.040309999999999846e+00   2.106574e-01   5.803314e-02
3.045052999999999788e+00   1.291858e-01   5.784469e-02
3.049795000000000034e+00   1.723540e-01   5.789849e-02
3.054536999999999836e+00   2.343730e-01   5.804226e-02
3.059280000000000221e+00   1.937314e-01   5.786699e-02
3.064022000000000023e+00   2.727942e-01   5.790161e-02
3.068763999999999825e+00   3.242314e-01   5.792371e-02
3.073507000000000211e+00   1.870898e-01   5.761629e-02
3.078249000000000013e+00   1.723196e-01   5.750387e-02
3.082990999999999815e+00   1.156186e-01   5.749957e-02
3.087733000000000061e+00   2.264782e-01   5.756640e-02
3.092476000000000003e+00   1.841774e-01   5.746643e-02
3.097217999999999805e+00   2.286668e-01   5.734481e-02
3.101960000000000051e+00   2.077336e-01   5.735670e-02
3.106702999999999992e+00   2.543912e-01   5.735977e-02
3.111444999999999794e+00   2.271202e-01   5.727177e-02
3.116187000000000040e+00   2.592640e-01   5.712994e-02
3.120929999999999982e+00   2.233036e-01   5.711476e-02
3.125671999999999784e+00   1.829776e-01   5.698506e-02
3.130414000000000030e+00   1.936940e-01   5.697376e-02
3.135155999999999832e+00   1.564544e-01   5.698195e-02
3.139899000000000218e+00   1.662328e-01   5.688477e-02
3.144641000000000020e+00   1.534166e-01   5.674425e-02
3.149382999999999821e+00   1.271404e-01   5.670616e-02
3.154126000000000207e+00   2.191966e-01   5.682993e-02
3.158868000000000009e+00   2.831990e-01   5.686378e-02
3.163609999999999811e+00   2.468042e-01   5.678499e-02
3.168353000000000197e+00   1.596664e-01   5.657296e-02
3.173094999999999999e+00   1.281528e-01   5.649032e-02
3.177836999999999801e+00   1.157066e-01   5.635349e-02
3.182579000000000047e+00   1.011026e-01   5.638303e-02
3.187321999999999989e+00   1.089758e-01   5.636816e-02
3.192063999999999790e+00   1.896894e-01   5.637455e-02
3.196806000000000036e+00   1.404336e-01   5.622332e-02
3.201548999999999978e+00   1.376360e-01   5.614820e-02
3.206290999999999780e+00   2.042458e-01   5.609159e-02
3.211033000000000026e+00   1.847594e-01   5.622214e-02
3.215775999999999968e+00   1.555142e-01   5.607011e-02
3.220518000000000214e+00   2.011994e-01   5.613934e-02
3.225260000000000016e+00   9.561460e-02   5.594581e-02
3.230001999999999818e+00   1.973498e-01   5.592623e-02
3.234745000000000203e+00   1.753538e-01   5.594716e-02
3.239487000000000005e+00   1.820284e-01   5.583655e-02
3.244228999999999807e+00   1.807896e-01   5.577477e-02
3.248972000000000193e+00   1.477900e-01   5.558261e-02
3.253713999999999995e+00   2.024412e-01   5.558263e-02
3.258455999999999797e+00   1.721304e-01   5.546702e-02
3.263199000000000183e+00   1.662892e-01   5.547612e-02
3.267940999999999985e+00   2.394766e-01   5.548190e-02
3.272682999999999787e+00   2.668662e-01   5.552869e-02
3.277425000000000033e+00   1.736848e-01   5.530154e-02
3.282167999999999974e+00   1.970970e-01   5.531900e-02
3.286910000000000220e+00   2.218186e-01   5.530797e-02
3.291652000000000022e+00   1.981320e-01   5.526432e-02
3.296394999999999964e+00   1.964070e-01   5.527837e-02
3.301137000000000210e+00   2.040322e-01   5.531802e-02
3.305879000000000012e+00   1.221970e-01   5.523439e-02
3.310621999999999954e+00   1.213772e-01   5.521600e-02
3.315364000000000200e+00   1.836698e-01   5.519523e-02
3.320106000000000002e+00   2.868402e-01   5.519517e-02
3.324847999999999804e+00   2.130614e-01   5.516008e-02
3.329591000000000189e+00   1.872658e-01   5.503084e-02
3.334332999999999991e+00   1.420810e-01   5.496215e-02
3.339074999999999793e+00   1.552028e-01   5.501145e-02
3.343818000000000179e+00   1.541236e-01   5.499188e-02
3.348559999999999981e+00   1.942408e-01   5.485415e-02
3.353301999999999783e+00   1.232838e-01   5.486829e-02
3.358045000000000169e+00   1.419286e-01   5.477250e-02
3.362786999999999971e+00   1.798656e-01   5.473832e-02
3.367529000000000217e+00   1.083322e-01   5.472007e-02
3.372271000000000019e+00   8.561560e-02   5.556140e-02
3.377013999999999960e+00   5.231940e-02   5.671319e-02
3.381756000000000206e+00   1.980988e-01   5.755878e-02
3.386498000000000008e+00   1.400474e-01   5.790235e-02
3.391240999999999950e+00   1.174340e-01   5.806764e-02
3.395983000000000196e+00   2.085592e-01   5.829324e-02
3.400724999999999998e+00   2.259216e-01   5.840154e-02
3.405467999999999940e+00   1.320712e-01   5.815310e-02
3.410210000000000186e+00   8.804980e-02   5.820391e-02
3.414951999999999988e+00   1.921866e-01   5.852758e-02
3.419693999999999789e+00   1.960980e-01   5.866233e-02
3.424437000000000175e+00   1.782226e-01   5.869331e-02
3.429178999999999977e+00   1.764890e-01   5.884135e-02
3.433920999999999779e+00   1.610302e-01   5.889583e-02
3.438664000000000165e+00   1.956478e-01   5.901000e-02
3.443405999999999967e+00   1.563652e-01   5.914259e-02
3.448148000000000213e+00   1.538710e-01   5.921646e-02
3.452891000000000155e+00   2.097842e-01   5.930393e-02
3.457632999999999956e+00   1.593664e-01   5.935591e-02
3.462375000000000203e+00   2.132494e-01   5.950000e-02
3.467117000000000004e+00   1.559092e-01   5.953171e-02
3.471859999999999946e+00   1.306712e-01   5.962789e-02
3.476602000000000192e+00   2.047956e-01   5.977058e-02
3.481343999999999994e+00   1.785552e-01   5.973524e-02
3.486086999999999936e+00   1.694814e-01   5.983634e-02
3.490829000000000182e+00   2.114098e-01   6.016777e-02
3.495570999999999984e+00   2.335174e-01   6.017776e-02
3.500313999999999925e+00   1.405796e-01   6.015003e-02
3.505056000000000171e+00   1.892396e-01   6.010997e-02
3.509797999999999973e+00   1.666730e-01   6.028187e-02
3.514540000000000219e+00   1.890676e-01   6.018002e-02
3.519283000000000161e+00   1.002104e-01   6.027642e-02
3.524024999999999963e+00   6.889520e-02   6.041152e-02
3.528767000000000209e+00   1.554792e-01   6.048145e-02
3.533510000000000151e+00   1.198196e-01   6.047547e-02
3.538251999999999953e+00   1.421820e-01   6.065115e-02
3.542994000000000199e+00   8.860740e-02   6.051535e-02
3.547737000000000140e+00   1.587544e-01   6.068187e-02
3.552478999999999942e+00   1.771296e-01   6.077844e-02
3.557221000000000188e+00   2.447762e-01   6.090009e-02
3.561962999999999990e+00   1.069024e-01   6.078664e-02
3.566705999999999932e+00   1.037956e-01   6.086007e-02
3.571448000000000178e+00   1.812576e-01   6.105995e-02
3.576189999999999980e+00   1.368438e-01   6.095926e-02
3.580932999999999922e+00   1.266342e-01   6.104760e-02
3.585675000000000168e+00   2.095866e-01   6.111144e-02
3.590416999999999970e+00   1.854328e-01   6.118366e-02
3.595159999999999911e+00   1.384028e-01   6.117919e-02
3.599902000000000157e+00   1.419878e-01   6.113558e-02
3.604643999999999959e+00   1.577110e-01   6.105094e-02
3.609386000000000205e+00   1.141636e-01   6.105355e-02
3.614129000000000147e+00   1.141740e-01   6.104441e-02
3.618870999999999949e+00   1.016528e-01   6.098819e-02
3.623613000000000195e+00   1.580148e-01   6.110122e-02
3.628356000000000137e+00   1.992678e-01   6.125221e-02
3.633097999999999939e+00   6.659680e-02   6.112958e-02
3.637840000000000185e+00   1.051718e-01   6.116658e-02
3.642583000000000126e+00   1.119992e-01   6.113423e-02
3.647324999999999928e+00   6.511780e-02   6.115128e-02
3.652067000000000174e+00   2.276382e-01   6.132748e-02
3.656808999999999976e+00   2.400152e-01   6.152584e-02
3.661551999999999918e+00   1.697466e-01   6.145400e-02
3.666294000000000164e+00   1.736834e-01   6.151327e-02
3.671035999999999966e+00   1.727390e-01   6.262737e-02
3.675778999999999908e+00   2.595938e-01   6.478570e-02
3.680521000000000154e+00   1.780510e-01   6.591431e-02
3.685262999999999955e+00   1.937374e-01   6.679595e-02
3.690005999999999897e+00   1.262772e-01   6.752061e-02
3.694748000000000143e+00   1.167004e-01   6.791261e-02
3.699489999999999945e+00   1.516818e-01   6.830452e-02
3.704232000000000191e+00   1.739334e-01   6.874963e-02
3.708975000000000133e+00   1.323198e-01   6.919068e-02
3.713716999999999935e+00   2.039684e-01   6.962373e-02
3.718459000000000181e+00   1.994052e-01   6.994881e-02
3.723202000000000123e+00   7.921140e-02   7.006152e-02
3.727943999999999924e+00   2.094822e-01   7.065659e-02
3.732686000000000170e+00   2.334116e-01   7.098154e-02
3.737429000000000112e+00   2.281998e-01   7.132086e-02
3.742170999999999914e+00   2.184324e-01   7.152880e-02
3.746913000000000160e+00   1.871366e-01   7.178832e-02
3.751654999999999962e+00   2.419874e-01   7.234841e-02
3.756397999999999904e+00   1.819876e-01   7.241384e-02
3.761140000000000150e+00   2.117384e-01   7.281498e-02
3.765881999999999952e+00   9.408500e-02   7.293518e-02
3.770624999999999893e+00   9.020080e-02   7.310920e-02
3.775367000000000139e+00   1.320516e-01   7.356041e-02
3.780108999999999941e+00   1.558928e-01   7.384566e-02
3.784851999999999883e+00   1.434960e-01   7.419715e-02
3.789594000000000129e+00   1.643048e-01   7.445359e-02
3.794335999999999931e+00   1.831046e-01   7.486039e-02
3.799078000000000177e+00   1.353736e-01   7.525297e-02
3.803821000000000119e+00   4.488660e-02   7.540014e-02
3.808562999999999921e+00   1.043896e-01   7.563754e-02
3.813305000000000167e+00   7.095220e-02   7.599773e-02
3.818048000000000108e+00   1.750090e-01   7.624892e-02
3.822789999999999910e+00   2.399302e-01   7.670664e-02
3.827532000000000156e+00   1.623210e-01   7.707449e-02
3.832275000000000098e+00   1.358220e-01   7.710283e-02
3.837016999999999900e+00   2.499806e-01   7.758086e-02
3.841759000000000146e+00   1.834786e-01   7.794966e-02
3.846500999999999948e+00   1.659290e-01   7.770583e-02
3.851243999999999890e+00   1.299560e-01   7.793296e-02
3.855986000000000136e+00   1.728776e-01   7.844191e-02
3.860727999999999938e+00   1.528074e-01   7.893885e-02
3.865470999999999879e+00   1.421174e-01   7.907544e-02
3.870213000000000125e+00   1.863616e-01   7.948833e-02
3.874954999999999927e+00   1.629836e-01   7.981265e-02
3.879697999999999869e+00   1.905404e-01   8.024895e-02
3.884440000000000115e+00   1.704356e-01   8.046464e-02
3.889181999999999917e+00   1.457602e-01   8.064521e-02
3.893924000000000163e+00   2.773772e-01   8.107863e-02
3.898667000000000105e+00   2.620958e-01   8.141287e-02
3.903408999999999907e+00   1.870088e-01   8.160583e-02
3.908151000000000153e+00   5.694880e-02   8.144163e-02
3.912894000000000094e+00   7.058300e-02   8.189797e-02
3.917635999999999896e+00   6.323360e-02   8.218336e-02
3.922378000000000142e+00   1.178948e-01   8.230584e-02
3.927121000000000084e+00   2.049848e-01   8.304704e-02
3.931862999999999886e+00   4.061580e-02   8.313336e-02
3.936605000000000132e+00   1.517808e-01   8.354058e-02
3.941346999999999934e+00   2.768080e-01   8.400081e-02
3.946089999999999876e+00   1.794898e-01   8.420260e-02
3.950832000000000122e+00   2.749036e-01   8.436250e-02
3.955573999999999923e+00   1.810120e-01   8.456141e-02
3.960316999999999865e+00   9.030660e-02   8.460277e-02
3.965059000000000111e+00   1.764666e-01   8.430865e-02
3.969800999999999913e+00   2.073462e-01   8.418166e-02
3.974543999999999855e+00   1.724280e-01   8.431193e-02
3.979286000000000101e+00   2.372706e-01   8.451903e-02
3.984027999999999903e+00   1.875854e-01   8.434448e-02
3.988770000000000149e+00   2.591924e-01   8.496897e-02
3.993513000000000090e+00   2.350924e-01   8.522922e-02
3.998254999999999892e+00   1.677592e-01   8.541235e-02
4.002996999999999694e+00   2.363804e-01   8.569468e-02
4.007740000000000080e+00   1.701606e-01   8.583579e-02
4.012482000000000326e+00   1.650402e-01   8.619158e-02
4.017223999999999684e+00   9.853520e-02   8.653881e-02
4.021967000000000070e+00   2.062628e-01   8.693769e-02
4.026709000000000316e+00   2.473504e-01   8.709131e-02
4.031450999999999674e+00   2.683156e-01   8.761313e-02
4.036192999999999920e+00   1.763804e-01   8.778973e-02
4.040936000000000305e+00   1.140228e-01   8.812185e-02
4.045677999999999663e+00   9.003020e-02   8.815822e-02
4.050419999999999909e+00   1.306318e-01   8.850454e-02
4.055163000000000295e+00   1.600072e-01   8.895986e-02
4.059904999999999653e+00   2.658920e-02   8.899656e-02
4.064646999999999899e+00   2.370980e-02   8.946118e-02
4.069390000000000285e+00   7.122040e-02   8.968439e-02
4.074131999999999643e+00   1.545932e-01   9.020273e-02
4.078873999999999889e+00   1.490994e-01   9.057889e-02
4.083616000000000135e+00   1.079228e-01   9.073427e-02
4.088358999999999632e+00   5.935760e-02   9.115210e-02
4.093100999999999878e+00   1.268216e-01   9.166869e-02
4.097843000000000124e+00   1.180628e-01   9.170427e-02
4.102585999999999622e+00   7.452300e-02   9.223737e-02
4.107327999999999868e+00   1.077024e-01   9.267335e-02
4.112070000000000114e+00   2.453354e-01   9.330741e-02
4.116812999999999612e+00   3.177648e-01   9.380497e-02
4.121554999999999858e+00   2.429980e-01   9.377130e-02
4.126297000000000104e+00   1.716606e-01   9.402360e-02
4.131039000000000350e+00   6.925000e-02   9.426707e-02
4.135781999999999847e+00   1.340932e-01   9.431784e-02
4.140524000000000093e+00   2.312744e-01   9.502117e-02
4.145266000000000339e+00   1.082702e-01   9.513242e-02
4.150008999999999837e+00   2.579768e-01   9.548951e-02
4.154751000000000083e+00   8.284860e-02   9.572145e-02
4.159493000000000329e+00   1.339964e-01   9.584128e-02
4.164235999999999827e+00   1.059504e-01   9.647039e-02
4.168978000000000073e+00   6.498340e-02   9.666243e-02
4.173720000000000319e+00   2.285860e-01   9.759158e-02
4.178461999999999676e+00   2.202698e-01   9.770056e-02
4.183205000000000062e+00   7.523500e-02   9.816213e-02
4.187947000000000308e+00   5.413960e-02   9.823440e-02
4.192688999999999666e+00   1.794950e-01   9.863859e-02
4.197432000000000052e+00   1.740256e-01   9.905073e-02
4.202174000000000298e+00   1.334112e-01   9.927889e-02
4.206915999999999656e+00   1.445078e-01   9.989472e-02
4.211659000000000042e+00   8.535980e-02   1.008315e-01
4.216401000000000288e+00   1.819290e-01   1.012277e-01
4.221142999999999645e+00   8.724340e-02   1.009783e-01
4.225884999999999891e+00   1.216576e-01   1.013536e-01
4.230628000000000277e+00   5.898360e-02   1.017100e-01
4.235369999999999635e+00   1.988626e-01   1.023642e-01
4.240111999999999881e+00   2.778682e-01   1.026760e-01
4.244855000000000267e+00   9.553560e-02   1.030250e-01
4.249596999999999625e+00   8.696560e-02   1.034438e-01
4.254338999999999871e+00  -1.643560e-02   1.035927e-01
4.259082000000000257e+00   7.919160e-02   1.045244e-01
4.263823999999999614e+00   2.061748e-01   1.049272e-01
4.268565999999999860e+00   1.625418e-01   1.052311e-01
4.273308000000000106e+00   6.269960e-02   1.053262e-01
4.278050999999999604e+00   2.115986e-01   1.060198e-01
4.282792999999999850e+00   1.198440e-01   1.064537e-01
4.287535000000000096e+00   3.546040e-02   1.065665e-01
4.292277999999999594e+00   2.797294e-01   1.071966e-01
4.297019999999999840e+00   1.387786e-01   1.076527e-01
4.301762000000000086e+00   1.413852e-01   1.083065e-01
4.306504999999999583e+00   2.507156e-01   1.091354e-01
4.311246999999999829e+00   7.190660e-02   1.089963e-01
4.315989000000000075e+00   9.088220e-02   1.094225e-01
4.320731000000000321e+00   7.505200e-02   1.096178e-01
4.325473999999999819e+00   2.633944e-01   1.107405e-01
4.330216000000000065e+00   2.635942e-01   1.116021e-01
4.334958000000000311e+00   1.304006e-01   1.115593e-01
4.339700999999999809e+00  -1.558960e-02   1.117084e-01
4.344443000000000055e+00   3.832020e-02   1.127636e-01
4.349185000000000301e+00  -1.533620e-02   1.128516e-01
4.353927999999999798e+00   2.007828e-01   1.135853e-01
4.358670000000000044e+00   1.812462e-01   1.140890e-01
4.363412000000000290e+00   6.358700e-02   1.146465e-01
4.368153999999999648e+00   2.115134e-01   1.152503e-01
4.372897000000000034e+00   1.018646e-01   1.157094e-01
4.377639000000000280e+00   3.672544e-01   1.165495e-01
4.382380999999999638e+00   4.284558e-01   1.175750e-01
4.387124000000000024e+00   2.719310e-01   1.175811e-01
4.391866000000000270e+00   2.059728e-01   1.183705e-01
4.396607999999999628e+00   2.449606e-01   1.192100e-01
4.401351000000000013e+00   1.095878e-01   1.190027e-01
4.406093000000000259e+00   1.329598e-01   1.193918e-01
4.410834999999999617e+00   2.562172e-01   1.203544e-01
4.415576999999999863e+00   1.492248e-01   1.211193e-01
4.420320000000000249e+00   2.109140e-02   1.216455e-01
4.425061999999999607e+00   3.190640e-01   1.218216e-01
4.429803999999999853e+00   2.615810e-01   1.217902e-01
4.434547000000000239e+00   1.137516e-01   1.224283e-01
4.439288999999999596e+00   7.806860e-02   1.222655e-01
4.444030999999999842e+00   5.834080e-02   1.217386e-01
4.448774000000000228e+00   3.679502e-01   1.225029e-01
4.453515999999999586e+00   3.663350e-01   1.223825e-01
4.458257999999999832e+00   6.386340e-02   1.220719e-01
4.463000000000000078e+00   1.627332e-01   1.224687e-01
4.467742999999999576e+00   2.470580e-01   1.231822e-01
4.472484999999999822e+00   3.990806e-01   1.241169e-01
4.477227000000000068e+00   3.209160e-01   1.245765e-01
4.481969999999999565e+00   1.643950e-01   1.248609e-01
4.486711999999999811e+00   1.656744e-01   1.256434e-01
4.491454000000000057e+00   1.389906e-01   1.266056e-01
4.496197000000000443e+00   3.611994e-01   1.275240e-01
4.500938999999999801e+00   3.906140e-01   1.282928e-01
4.505681000000000047e+00   3.678038e-01   1.291463e-01
4.510423000000000293e+00   2.372122e-01   1.293227e-01
4.515165999999999791e+00   3.025522e-01   1.300126e-01
4.519908000000000037e+00   1.285404e-01   1.307390e-01
4.524650000000000283e+00   1.466430e-01   1.310944e-01
4.529392999999999780e+00   1.754124e-01   1.316189e-01
4.534135000000000026e+00   1.438618e-01   1.323481e-01
4.538877000000000272e+00   2.911482e-01   1.338435e-01
4.543619999999999770e+00   2.468808e-01   1.341291e-01
4.548362000000000016e+00   2.128756e-01   1.349639e-01
4.553104000000000262e+00   2.349738e-01   1.360871e-01
4.557845999999999620e+00   1.068442e-01   1.373183e-01
4.562589000000000006e+00   1.975812e-01   1.381775e-01
4.567331000000000252e+00   8.710920e-02   1.385944e-01
4.572072999999999610e+00   1.666300e-01   1.395741e-01
4.576815999999999995e+00   1.924732e-01   1.404576e-01
4.581558000000000241e+00   2.207108e-01   1.415067e-01
4.586299999999999599e+00   2.801628e-01   1.427511e-01
4.591042999999999985e+00   1.020000e-02   1.428322e-01
4.595785000000000231e+00   5.377500e-02   1.434033e-01
4.600526999999999589e+00   2.504944e-01   1.447279e-01
4.605268999999999835e+00   1.563534e-01   1.459496e-01
4.610012000000000221e+00   2.049824e-01   1.470405e-01
4.614753999999999579e+00   1.261006e-01   1.483939e-01
4.619495999999999825e+00   2.574484e-01   1.496062e-01
4.624239000000000210e+00   7.947980e-02   1.499646e-01
4.628980999999999568e+00   1.515078e-01   1.504400e-01
4.633722999999999814e+00   4.878840e-02   1.513700e-01
4.638466000000000200e+00   8.818500e-02   1.533167e-01
4.643207999999999558e+00   1.298364e-01   1.546953e-01
4.647949999999999804e+00   1.146694e-01   1.557557e-01
4.652692000000000050e+00   5.312740e-02   1.562513e-01
4.657435000000000436e+00   1.656196e-01   1.574269e-01
4.662176999999999794e+00   1.669620e-01   1.592476e-01
4.666919000000000040e+00   2.813880e-02   1.603012e-01
4.671662000000000425e+00   2.538046e-01   1.614770e-01
4.676403999999999783e+00   1.410836e-01   1.627572e-01
4.681146000000000029e+00   1.225034e-01   1.638775e-01
4.685889000000000415e+00   3.146198e-01   1.657763e-01
4.690630999999999773e+00   3.350366e-01   1.668779e-01
4.695373000000000019e+00  -9.995980e-02   1.681655e-01
4.700115000000000265e+00   1.899612e-01   1.705954e-01
4.704857999999999763e+00   1.665200e-01   1.719214e-01
4.709600000000000009e+00   2.713350e-01   1.738527e-01
4.714342000000000255e+00   2.780874e-01   1.750284e-01
4.719084999999999752e+00   2.786520e-01   1.757432e-01
4.723826999999999998e+00  -3.961480e-02   1.773995e-01
4.728569000000000244e+00  -1.526632e-01   1.791844e-01
4.733311999999999742e+00   3.531190e-01   1.823287e-01
4.738053999999999988e+00   4.524302e-01   1.846318e-01
4.742796000000000234e+00   3.351120e-01   1.861637e-01
4.747537999999999592e+00  -1.041640e-02   1.862966e-01
4.752280999999999977e+00   2.909700e-02   1.891082e-01
4.757023000000000224e+00  -1.401012e-01   1.902012e-01
4.761764999999999581e+00  -1.166000e-04   1.925307e-01
4.766507999999999967e+00   2.277338e-01   1.963512e-01
4.771250000000000213e+00   3.038030e-01   2.000301e-01
4.775991999999999571e+00   1.459024e-01   2.016556e-01
4.780734999999999957e+00   5.418120e-02   2.034591e-01
4.785477000000000203e+00  -1.645680e-02   2.060808e-01
4.790218999999999561e+00  -4.882520e-02   2.072899e-01
4.794960999999999807e+00   2.666258e-01   2.105833e-01
4.799704000000000192e+00   1.376408e-01   2.138422e-01
4.804446000000000438e+00   1.612608e-01   2.169801e-01
4.809187999999999796e+00   3.556000e-01   2.207036e-01
4.813931000000000182e+00   3.424252e-01   2.236731e-01
4.818673000000000428e+00   1.788640e-02   2.286151e-01
4.823414999999999786e+00   1.731246e-01   2.316507e-01
4.828158000000000172e+00   2.669216e-01   2.350759e-01
4.832900000000000418e+00   1.648802e-01   2.378502e-01
4.837641999999999776e+00   2.614132e-01   2.420989e-01
4.842384000000000022e+00   5.194292e-01   2.456515e-01
4.847127000000000407e+00   3.036870e-01   2.509044e-01
4.851868999999999765e+00   2.960454e-01   2.541049e-01
4.856611000000000011e+00   3.739868e-01   2.600198e-01
4.861354000000000397e+00  -1.413686e-01   2.665680e-01
4.866095999999999755e+00  -4.925240e-02   2.709624e-01
4.870838000000000001e+00   3.900192e-01   2.777952e-01
4.875581000000000387e+00   5.233400e-01   2.871426e-01
4.880322999999999745e+00   2.870542e-01   2.959773e-01
4.885064999999999991e+00   1.599310e-01   3.007189e-01
4.889807000000000237e+00   3.311846e-01   3.110809e-01
4.894549999999999734e+00   4.083446e-01   3.197564e-01
4.899291999999999980e+00   6.035380e-02   3.236272e-01
4.904034000000000226e+00   4.493364e-01   3.397398e-01
4.908776999999999724e+00   1.921574e-01   3.505585e-01
4.913518999999999970e+00   6.624882e-01   3.640214e-01
4.918261000000000216e+00   1.629404e-01   3.717245e-01
4.923003999999999714e+00   2.995760e-01   3.924902e-01
4.927745999999999960e+00  -2.302100e-02   4.097105e-01
4.932488000000000206e+00   1.609918e-01   4.309993e-01
4.937229999999999563e+00   3.291020e-02   4.557590e-01
4.941972999999999949e+00   7.699372e-01   4.938855e-01
4.946715000000000195e+00   6.382304e-01   5.297971e-01
4.951457000000000441e+00   7.040560e-02   5.734527e-01
4.956199999999999939e+00   7.346900e-02   6.364060e-01
4.960942000000000185e+00   1.562964e-01   7.276802e-01
4.965684000000000431e+00  -3.092680e-01   8.422120e-01
4.970426999999999929e+00  -2.269898e-01   1.078341e+00
4.975169000000000175e+00  -8.286372e-01   1.826517e+00